5k/5k 0.480 24
-1.000
0.560
-0.792
5k/5k 0.485 24
-1.000
0.560
-0.958
5k/5k 0.491 24
1.000
0.500
-0.542
5k/5k 0.496 24
1.000
0.970
-0.292
5k/5k 0.501 24
-1.000
0.570
-0.958
5k/5k 0.506 24
-1.000
0.660
-0.958
5k/5k 0.512 24
-1.000
0.610
-1.000
5k/5k 0.517 24
-1.000
0.490
-0.958
5k/5k 0.522 24
-1.000
0.560
-1.000
5k/5k 0.527 24
-1.000
0.600
-0.917
5k/5k 0.480 25
1.000
0.920
0.520
5k/5k 0.485 25
-1.000
0.600
-0.920
5k/5k 0.491 25
0.000
0.920
-0.120
5k/5k 0.496 25
1.000
0.880
0.440
5k/5k 0.501 25
1.000
0.960
0.200
5k/5k 0.506 25
-1.000
0.620
-0.920
5k/5k 0.512 25
-1.000
0.540
-1.000
5k/5k 0.517 25
-1.000
0.620
-0.840
5k/5k 0.522 25
1.000
0.900
0.600
5k/5k 0.527 25
-1.000
0.700
-0.840
5k/5k 0.480 26
1.000
0.870
0.231
5k/5k 0.485 26
0.000
0.910
0.538
5k/5k 0.491 26
-1.000
0.200
-0.923
5k/5k 0.496 26
1.000
0.900
0.808
5k/5k 0.501 26
0.500
0.880
0.192
5k/5k 0.506 26
-1.000
0.510
-0.962
5k/5k 0.512 26
-1.000
0.420
-1.000
5k/5k 0.517 26
1.000
0.900
0.577
5k/5k 0.522 26
-1.000
0.630
-0.846
5k/5k 0.527 26
-1.000
0.540
-1.000
5k/5k 0.480 27
-1.000
0.560
-0.852
5k/5k 0.485 27
1.000
0.960
0.333
5k/5k 0.491 27
0.000
0.440
-0.704
5k/5k 0.496 27
-1.000
0.400
-1.000
5k/5k 0.501 27
-1.000
0.280
-1.000
5k/5k 0.506 27
-1.000
0.600
-1.000
5k/5k 0.512 27
1.000
0.960
0.481
5k/5k 0.517 27
-1.000
0.420
-0.926
5k/5k 0.522 27
-1.000
0.500
-1.000
5k/5k 0.527 27
-1.000
0.560
-1.000
5k/5k 0.480 28
1.000
0.880
0.571
5k/5k 0.485 28
1.000
0.940
0.321
5k/5k 0.491 28
1.000
0.910
0.464
5k/5k 0.496 28
-1.000
0.400
-0.893
5k/5k 0.501 28
1.000
0.980
0.286
5k/5k 0.506 28
1.000
0.880
0.179
5k/5k 0.512 28
1.000
0.960
0.464
5k/5k 0.517 28
-1.000
0.510
-0.786
5k/5k 0.522 28
1.000
0.970
0.000
5k/5k 0.527 28
0.000
0.400
-0.750
5k/5k 0.480 29
-1.000
0.540
-0.931
5k/5k 0.485 29
-1.000
0.640
-0.862
5k/5k 0.491 29
0.000
0.840
-0.241
5k/5k 0.496 29
0.000
0.840
-0.241
5k/5k 0.501 29
-1.000
0.620
-0.862
5k/5k 0.506 29
-1.000
0.560
-0.862
5k/5k 0.512 29
0.000
0.520
-1.000
5k/5k 0.517 29
-1.000
0.420
-1.000
5k/5k 0.522 29
-1.000
0.400
-0.862
5k/5k 0.482 24
-1.000
0.470
-1.000
5k/5k 0.487 24
-1.000
0.420
-0.875
5k/5k 0.493 24
-1.000
0.410
-1.000
5k/5k 0.498 24
1.000
0.820
0.375
5k/5k 0.503 24
-1.000
0.600
-0.958
5k/5k 0.508 24
-1.000
0.490
-0.875
5k/5k 0.514 24
-1.000
0.600
-1.000
5k/5k 0.519 24
1.000
0.920
0.583
5k/5k 0.524 24
1.000
0.950
0.708
5k/5k 0.529 24
1.000
0.920
0.500
5k/5k 0.482 25
0.000
0.900
0.120
5k/5k 0.487 25
-1.000
0.500
-0.920
5k/5k 0.493 25
-1.000
0.520
-1.000
5k/5k 0.498 25
-1.000
0.580
-1.000
5k/5k 0.503 25
1.000
0.880
0.840
5k/5k 0.508 25
-1.000
0.540
-1.000
5k/5k 0.514 25
-1.000
0.680
-0.760
5k/5k 0.519 25
-1.000
0.620
-1.000
5k/5k 0.524 25
1.000
0.920
0.200
5k/5k 0.529 25
-1.000
0.600
-0.920
5k/5k 0.482 26
1.000
0.950
0.577
5k/5k 0.487 26
-1.000
0.440
-0.962
5k/5k 0.493 26
1.000
0.890
0.731
5k/5k 0.498 26
-1.000
0.650
-0.962
5k/5k 0.503 26
1.000
0.920
0.577
5k/5k 0.508 26
-1.000
0.590
-0.808
5k/5k 0.514 26
-1.000
0.580
-0.923
5k/5k 0.519 26
1.000
0.930
0.808
5k/5k 0.524 26
-1.000
0.580
-1.000
5k/5k 0.529 26
-1.000
0.470
-0.885
5k/5k 0.482 27
-1.000
0.600
-1.000
5k/5k 0.487 27
1.000
0.840
0.259
5k/5k 0.493 27
-1.000
0.600
-1.000
5k/5k 0.498 27
1.000
0.940
0.778
5k/5k 0.503 27
1.000
0.920
0.778
5k/5k 0.508 27
1.000
0.960
0.556
5k/5k 0.514 27
1.000
0.940
0.630
5k/5k 0.519 27
-1.000
0.460
-0.926
5k/5k 0.524 27
1.000
1.000
0.481
5k/5k 0.529 27
1.000
0.900
0.630
5k/5k 0.482 28
1.000
0.950
-0.036
5k/5k 0.487 28
1.000
0.830
0.536
5k/5k 0.493 28
-1.000
0.500
-0.929
5k/5k 0.498 28
-1.000
0.620
-0.821
5k/5k 0.503 28
1.000
0.890
0.643
5k/5k 0.508 28
1.000
0.800
0.214
5k/5k 0.514 28
1.000
0.950
0.321
5k/5k 0.519 28
-1.000
0.700
-0.964
5k/5k 0.524 28
-1.000
0.400
-0.893
5k/5k 0.529 28
1.000
0.900
0.786
5k/5k 0.482 29
1.000
0.720
0.586
5k/5k 0.487 29
1.000
0.920
0.310
5k/5k 0.493 29
-1.000
0.640
-1.000
5k/5k 0.498 29
1.000
0.940
0.172
5k/5k 0.503 29
-1.000
0.640
-0.862
5k/5k 0.508 29
1.000
0.940
0.862
5k/5k 0.514 29
-1.000
0.300
-0.931
5k/5k 0.519 29
1.000
0.900
0.172
5k/5k 0.524 29
-1.000
0.500
-1.000
5k/5k 0.529 29
-1.000
0.800
-1.000
5k/5k 0.482 24
1.000
0.860
0.833
5k/5k 0.487 24
0.000
0.700
-0.750
5k/5k 0.493 24
-1.000
0.450
-1.000
5k/5k 0.498 24
0.000
0.740
-0.667
5k/5k 0.503 24
-1.000
0.530
-0.792
5k/5k 0.508 24
1.000
0.820
0.125
5k/5k 0.514 24
-1.000
0.540
-1.000
5k/5k 0.519 24
1.000
0.960
0.042
5k/5k 0.524 24
-1.000
0.630
-0.958
5k/5k 0.529 24
-1.000
0.460
-0.875
5k/5k 0.482 25
1.000
0.880
0.280
5k/5k 0.487 25
-1.000
0.440
-0.920
5k/5k 0.493 25
1.000
0.940
0.280
