5k/5k 0.533 24
-1.000
0.590
-0.958
5k/5k 0.538 24
-1.000
0.630
-1.000
5k/5k 0.543 24
-1.000
0.490
-0.958
5k/5k 0.548 24
-1.000
0.770
-0.958
5k/5k 0.554 24
-1.000
0.480
-1.000
5k/5k 0.559 24
-1.000
0.470
-1.000
5k/5k 0.564 24
1.000
0.980
0.583
5k/5k 0.569 24
-0.500
0.500
-0.833
5k/5k 0.575 24
-1.000
0.460
-1.000
5k/5k 0.580 24
-1.000
0.610
-0.958
5k/5k 0.533 25
-1.000
0.680
-0.920
5k/5k 0.538 25
-1.000
0.580
-1.000
5k/5k 0.543 25
-1.000
0.620
-0.920
5k/5k 0.548 25
-1.000
0.520
-0.840
5k/5k 0.554 25
-1.000
0.740
-0.920
5k/5k 0.559 25
-1.000
0.560
-0.920
5k/5k 0.564 25
-1.000
0.580
-1.000
5k/5k 0.569 25
-1.000
0.520
-0.920
5k/5k 0.575 25
-1.000
0.560
-0.920
5k/5k 0.580 25
-1.000
-0.960
-0.920
5k/5k 0.533 26
-1.000
0.470
-0.962
5k/5k 0.538 26
-1.000
0.560
-0.885
5k/5k 0.543 26
-1.000
0.740
-0.923
5k/5k 0.548 26
1.000
0.980
0.462
5k/5k 0.554 26
-1.000
0.600
-1.000
5k/5k 0.559 26
-1.000
0.730
-1.000
5k/5k 0.564 26
1.000
0.870
-0.500
5k/5k 0.569 26
-1.000
0.610
-0.923
5k/5k 0.575 26
1.000
1.000
0.769
5k/5k 0.580 26
-1.000
0.340
-1.000
5k/5k 0.533 27
-1.000
0.580
-1.000
5k/5k 0.538 27
-1.000
0.620
-1.000
5k/5k 0.543 27
1.000
0.980
0.556
5k/5k 0.548 27
-1.000
0.540
-1.000
5k/5k 0.554 27
-1.000
0.520
-0.852
5k/5k 0.559 27
-1.000
0.600
-0.778
5k/5k 0.564 27
-1.000
0.440
-1.000
5k/5k 0.569 27
-1.000
0.700
-1.000
5k/5k 0.575 27
1.000
0.960
0.481
5k/5k 0.580 27
-1.000
0.660
-1.000
5k/5k 0.533 28
-1.000
0.430
-0.964
5k/5k 0.538 28
-1.000
0.460
-0.893
5k/5k 0.543 28
-1.000
0.660
-1.000
5k/5k 0.548 28
-1.000
0.630
-1.000
5k/5k 0.554 28
-1.000
0.430
-0.857
5k/5k 0.535 24
-1.000
0.630
-1.000
5k/5k 0.540 24
-1.000
0.590
-0.875
5k/5k 0.545 24
-1.000
0.590
-0.958
5k/5k 0.550 24
-1.000
0.550
-1.000
5k/5k 0.556 24
0.000
0.780
-0.708
5k/5k 0.561 24
-1.000
0.570
-1.000
5k/5k 0.566 24
-1.000
0.650
-0.917
5k/5k 0.571 24
-1.000
0.640
-1.000
5k/5k 0.577 24
-1.000
0.780
-0.917
5k/5k 0.582 24
-1.000
0.560
-0.958
5k/5k 0.535 25
-1.000
0.480
-1.000
5k/5k 0.540 25
-1.000
0.540
-1.000
5k/5k 0.545 25
-1.000
0.560
-0.920
5k/5k 0.550 25
-1.000
0.640
-0.920
5k/5k 0.556 25
-1.000
0.680
-0.920
5k/5k 0.561 25
-1.000
0.520
-1.000
5k/5k 0.566 25
-1.000
0.400
-0.920
5k/5k 0.571 25
-1.000
0.660
-1.000
5k/5k 0.577 25
-1.000
0.520
-1.000
5k/5k 0.582 25
-1.000
0.700
-1.000
5k/5k 0.535 26
-1.000
0.770
-0.923
5k/5k 0.540 26
-1.000
0.620
-1.000
5k/5k 0.545 26
0.000
0.940
0.731
5k/5k 0.550 26
-1.000
0.640
-1.000
5k/5k 0.556 26
-1.000
0.560
-1.000
5k/5k 0.561 26
-1.000
0.550
-0.962
5k/5k 0.566 26
-1.000
0.540
-1.000
5k/5k 0.571 26
-0.500
0.560
-0.923
5k/5k 0.577 26
-1.000
0.670
-1.000
5k/5k 0.582 26
-1.000
0.660
-0.885
5k/5k 0.535 27
-1.000
0.500
-1.000
5k/5k 0.540 27
1.000
0.980
0.630
5k/5k 0.545 27
0.000
0.480
-0.926
5k/5k 0.550 27
-1.000
0.460
-0.926
5k/5k 0.556 27
-1.000
0.580
-0.926
5k/5k 0.561 27
-1.000
0.440
-1.000
5k/5k 0.566 27
-1.000
0.440
-1.000
5k/5k 0.571 27
-1.000
0.520
-0.852
5k/5k 0.577 27
-1.000
0.620
-1.000
5k/5k 0.582 27
-1.000
0.620
-1.000
5k/5k 0.535 28
-1.000
0.680
-1.000
5k/5k 0.540 28
-1.000
-0.200
-0.964
5k/5k 0.545 28
1.000
0.950
0.643
5k/5k 0.550 28
-1.000
0.690
-0.857
5k/5k 0.556 28
-1.000
0.500
-0.893
5k/5k 0.561 28
-1.000
0.620
-1.000
5k/5k 0.566 28
-1.000
0.500
-0.964
5k/5k 0.571 28
-1.000
0.630
-0.964
5k/5k 0.577 28
-1.000
-0.960
-0.893
5k/5k 0.582 28
-1.000
0.510
-0.893
5k/5k 0.535 29
1.000
0.900
0.862
5k/5k 0.540 29
-1.000
0.740
-1.000
5k/5k 0.545 29
-1.000
0.600
-1.000
5k/5k 0.550 29
1.000
1.000
0.517
5k/5k 0.556 29
-1.000
0.520
-0.931
5k/5k 0.561 29
-1.000
0.620
-0.793
5k/5k 0.566 29
-1.000
0.640
-1.000
5k/5k 0.571 29
-1.000
0.480
-1.000
5k/5k 0.577 29
-1.000
0.520
-1.000
5k/5k 0.582 29
-1.000
0.620
-1.000
5k/5k 0.535 24
-1.000
0.400
-0.917
5k/5k 0.540 24
-1.000
0.560
-0.750
5k/5k 0.545 24
-1.000
0.600
-0.917
5k/5k 0.550 24
-0.500
0.700
-0.917
5k/5k 0.556 24
-1.000
0.420
-1.000
5k/5k 0.561 24
-1.000
0.640
-0.917
5k/5k 0.566 24
-1.000
0.640
-0.917
5k/5k 0.571 24
-1.000
0.620
-1.000
5k/5k 0.577 24
-1.000
0.530
-0.875
5k/5k 0.582 24
-1.000
0.410
-1.000
5k/5k 0.535 25
-1.000
0.380
-0.920
5k/5k 0.540 25
0.000
0.600
-1.000
5k/5k 0.545 25
-1.000
0.460
-0.760
5k/5k 0.550 25
-1.000
0.780
-0.600
5k/5k 0.556 25
-1.000
0.520
-1.000
5k/5k 0.561 25
-1.000
0.480
-1.000
5k/5k 0.566 25
-1.000
0.740
-0.920
5k/5k 0.571 25
-1.000
0.560
-1.000
5k/5k 0.577 25
-1.000
0.500
-0.920
5k/5k 0.582 25
-1.000
0.660
-1.000
5k/5k 0.535 26
-1.000
0.420
-0.962
5k/5k 0.540 26
-1.000
0.590
-0.923
5k/5k 0.545 26
-1.000
0.580
-0.846
5k/5k 0.550 26
-1.000
0.540
-1.000
5k/5k 0.556 26
1.000
0.940
0.808
5k/5k 0.561 26
1.000
0.990
0.077
5k/5k 0.566 26
-1.000
0.510
-0.962
5k/5k 0.571 26
-1.000
0.450
-1.000
5k/5k 0.577 26
-1.000
0.720
-0.962
5k/5k 0.582 26
-1.000
0.620
-0.962
5k/5k 0.535 27
-1.000
0.700
-0.926
5k/5k 0.540 27
-1.000
0.660
-0.926
5k/5k 0.545 27
-1.000
0.560
-0.926
5k/5k 0.550 27
-1.000
0.740
-1.000
5k/5k 0.556 27
-1.000
0.380
-0.926
5k/5k 0.561 27
-1.000
0.560
-0.926
5k/5k 0.566 27
-1.000
0.560
-1.000
5k/5k 0.571 27
-1.000
0.740
-1.000
5k/5k 0.577 27
-1.000
0.140
-1.000
5k/5k 0.582 27
-1.000
0.660
-0.926
5k/5k 0.535 28
0.000
0.680
-0.893
5k/5k 0.540 28
-0.500
0.430
-0.857
5k/5k 0.545 28
-1.000
0.600
-1.000
5k/5k 0.550 28
-1.000
0.590
-1.000
5k/5k 0.556 28
1.000
0.970
0.429
5k/5k 0.561 28
-1.000
0.560
-1.000
5k/5k 0.566 28
-1.000
0.420
-1.000
5k/5k 0.571 28
-1.000
0.630
-1.000
5k/5k 0.577 28
-1.000
0.590
-0.857
5k/5k 0.582 28
-1.000
-0.940
-1.000
5k/5k 0.535 29
1.000
0.920
-0.172
5k/5k 0.540 29
-1.000
0.560
-1.000
5k/5k 0.545 29
-1.000
0.360
-1.000
5k/5k 0.550 29
-1.000
0.460
-1.000
5k/5k 0.556 29
1.000
0.740
0.379
5k/5k 0.561 29
1.000
0.960
0.379
5k/5k 0.566 29
-1.000
0.660
-0.931
5k/5k 0.571 29
-1.000
0.660
-1.000
5k/5k 0.577 29
-1.000
0.640
-1.000
5k/5k 0.582 29
-1.000
0.560
-0.931
