5k/5k 0.500 15
-1.000
0.580
-0.867
5k/5k 0.508 15
-1.000
0.480
-1.000
5k/5k 0.516 15
-1.000
0.520
-1.000
5k/5k 0.524 15
-1.000
0.560
-0.733
5k/5k 0.532 15
-1.000
0.580
-1.000
5k/5k 0.539 15
-1.000
0.580
-1.000
5k/5k 0.547 15
-1.000
0.400
-0.867
5k/5k 0.555 15
0.000
0.400
-1.000
5k/5k 0.563 15
-1.000
0.540
-1.000
5k/5k 0.571 15
-1.000
0.660
-1.000
5k/5k 0.579 15
-1.000
0.560
-1.000
5k/5k 0.500 16
-1.000
0.570
-1.000
5k/5k 0.508 16
-1.000
0.510
-1.000
5k/5k 0.516 16
-0.500
0.740
-0.750
5k/5k 0.524 16
-1.000
0.670
-0.938
5k/5k 0.532 16
-1.000
0.470
-0.875
5k/5k 0.539 16
-1.000
0.650
-1.000
5k/5k 0.547 16
-1.000
0.540
-0.938
5k/5k 0.555 16
-1.000
0.680
-0.875
5k/5k 0.563 16
-1.000
0.470
-0.875
5k/5k 0.571 16
-1.000
0.570
-0.938
5k/5k 0.579 16
-1.000
0.450
-1.000
5k/5k 0.500 17
-1.000
0.500
-1.000
5k/5k 0.508 17
-1.000
0.500
-0.882
5k/5k 0.516 17
-1.000
0.700
-0.882
5k/5k 0.524 17
-1.000
0.620
-1.000
5k/5k 0.532 17
-1.000
0.440
-0.765
5k/5k 0.539 17
-1.000
0.720
-1.000
5k/5k 0.547 17
-1.000
0.620
-1.000
5k/5k 0.555 17
-1.000
0.560
-1.000
5k/5k 0.563 17
-1.000
0.500
-1.000
5k/5k 0.571 17
1.000
0.960
0.882
5k/5k 0.579 17
-1.000
0.560
-1.000
5k/5k 0.500 18
-1.000
0.390
-0.722
5k/5k 0.508 18
-1.000
0.560
-0.944
5k/5k 0.516 18
-1.000
0.420
-0.889
5k/5k 0.524 18
-0.500
0.430
-0.667
5k/5k 0.532 18
-1.000
0.460
-0.944
5k/5k 0.539 18
1.000
0.930
0.389
5k/5k 0.547 18
0.500
0.900
-0.167
5k/5k 0.555 18
1.000
0.830
-0.444
5k/5k 0.563 18
-0.500
0.530
-0.944
5k/5k 0.571 18
1.000
0.980
0.833
5k/5k 0.579 18
1.000
0.970
0.556
5k/5k 0.500 19
-1.000
0.660
-0.579
5k/5k 0.508 19
-1.000
0.660
-0.684
5k/5k 0.516 19
-1.000
0.680
-1.000
5k/5k 0.524 19
-1.000
0.600
-1.000
5k/5k 0.532 19
-1.000
0.640
-0.895
5k/5k 0.539 19
-1.000
0.560
-1.000
5k/5k 0.547 19
-1.000
0.640
-0.895
5k/5k 0.555 19
-1.000
0.540
-1.000
5k/5k 0.563 19
0.000
0.840
-0.368
5k/5k 0.571 19
1.000
1.000
0.684
5k/5k 0.579 19
-1.000
0.660
-1.000
5k/5k 0.500 20
-1.000
0.460
-0.950
5k/5k 0.508 20
1.000
0.660
-0.200
5k/5k 0.516 20
-1.000
0.400
-0.850
5k/5k 0.524 20
-1.000
0.470
-0.900
5k/5k 0.532 20
-1.000
0.400
-1.000
5k/5k 0.539 20
-1.000
0.560
-1.000
5k/5k 0.547 20
-1.000
0.520
-1.000
5k/5k 0.555 20
-1.000
0.730
-1.000
5k/5k 0.563 20
0.500
0.980
0.250
5k/5k 0.571 20
1.000
0.970
0.700
5k/5k 0.579 20
1.000
0.990
0.650
5k/5k 0.500 21
-1.000
0.520
-0.905
5k/5k 0.508 21
-1.000
0.780
-1.000
5k/5k 0.516 21
1.000
0.980
-0.333
5k/5k 0.524 21
1.000
0.920
0.619
5k/5k 0.532 21
-1.000
0.560
-0.810
5k/5k 0.539 21
-1.000
0.660
-0.905
5k/5k 0.547 21
1.000
0.980
0.429
5k/5k 0.555 21
1.000
0.940
0.333
5k/5k 0.563 21
1.000
0.900
1.000
5k/5k 0.571 21
1.000
0.940
0.619
5k/5k 0.579 21
1.000
1.000
0.333
5k/5k 0.500 22
1.000
0.930
-0.045
5k/5k 0.508 22
-1.000
0.490
-0.909
5k/5k 0.516 22
-1.000
0.740
-1.000
5k/5k 0.524 22
1.000
0.900
0.682
5k/5k 0.532 22
-0.500
0.790
-0.864
5k/5k 0.539 22
1.000
0.950
0.318
5k/5k 0.547 22
1.000
0.870
0.591
5k/5k 0.555 22
1.000
0.970
0.909
5k/5k 0.563 22
1.000
0.900
0.500
5k/5k 0.571 22
0.500
0.930
-0.045
5k/5k 0.579 22
1.000
0.970
0.545
5k/5k 0.502 15
0.000
0.480
-0.733
5k/5k 0.510 15
-1.000
0.640
-0.600
5k/5k 0.518 15
-1.000
0.520
-0.867
5k/5k 0.526 15
-1.000
0.560
-1.000
5k/5k 0.534 15
-1.000
0.660
-0.867
5k/5k 0.541 15
-1.000
0.420
-1.000
5k/5k 0.549 15
-1.000
0.600
-1.000
5k/5k 0.557 15
-1.000
0.560
-1.000
5k/5k 0.565 15
-1.000
0.540
-0.867
5k/5k 0.573 15
-1.000
0.540
-1.000
5k/5k 0.502 16
-1.000
0.600
-0.875
5k/5k 0.510 16
-1.000
0.510
-1.000
5k/5k 0.518 16
-1.000
0.490
-0.938
5k/5k 0.526 16
-1.000
0.690
-1.000
5k/5k 0.534 16
-1.000
0.590
-1.000
5k/5k 0.541 16
-1.000
0.580
-0.938
5k/5k 0.549 16
-1.000
0.630
-1.000
5k/5k 0.557 16
-1.000
0.540
-0.875
5k/5k 0.565 16
-1.000
0.690
-1.000
5k/5k 0.573 16
-1.000
0.670
-0.938
5k/5k 0.502 17
0.000
0.680
-0.765
5k/5k 0.510 17
-1.000
0.520
-1.000
5k/5k 0.518 17
-1.000
0.440
-1.000
5k/5k 0.526 17
-1.000
0.520
-1.000
5k/5k 0.534 17
-1.000
0.660
-1.000
5k/5k 0.541 17
-1.000
0.400
-1.000
5k/5k 0.549 17
-1.000
0.580
-0.882
5k/5k 0.557 17
-1.000
0.560
-1.000
5k/5k 0.565 17
-1.000
0.560
-1.000
5k/5k 0.573 17
-1.000
0.560
-1.000
5k/5k 0.502 18
1.000
0.910
0.333
5k/5k 0.510 18
0.000
0.680
-0.833
5k/5k 0.518 18
-1.000
0.560
-0.833
5k/5k 0.526 18
0.500
0.530
-0.833
5k/5k 0.534 18
-1.000
0.470
-1.000
5k/5k 0.541 18
-1.000
0.430
-1.000
5k/5k 0.549 18
-1.000
0.460
-0.944
5k/5k 0.557 18
-1.000
0.460
-1.000
5k/5k 0.565 18
-1.000
0.710
-1.000
5k/5k 0.573 18
1.000
0.970
0.778
5k/5k 0.502 19
-1.000
0.560
-0.684
5k/5k 0.510 19
0.000
0.760
-0.579
5k/5k 0.518 19
-1.000
0.460
-1.000
5k/5k 0.526 19
-1.000
0.520
-1.000
5k/5k 0.534 19
0.000
0.480
-1.000
5k/5k 0.541 19
1.000
0.960
-0.053
5k/5k 0.549 19
-1.000
0.680
-1.000
5k/5k 0.557 19
-1.000
0.440
-1.000
5k/5k 0.565 19
1.000
0.960
0.158
5k/5k 0.573 19
1.000
1.000
0.895
5k/5k 0.502 20
-1.000
0.690
-0.900
5k/5k 0.510 20
1.000
0.890
-0.350
5k/5k 0.518 20
-1.000
0.550
-0.950
5k/5k 0.526 20
1.000
0.950
0.450
5k/5k 0.534 20
1.000
0.940
0.150
5k/5k 0.541 20
0.500
0.920
0.700
5k/5k 0.549 20
1.000
0.910
0.200
5k/5k 0.557 20
1.000
0.960
0.600
5k/5k 0.565 20
-1.000
0.560
-0.650
5k/5k 0.573 20
1.000
0.920
0.400
5k/5k 0.502 21
-1.000
0.400
-1.000
5k/5k 0.510 21
-1.000
0.660
-0.905
5k/5k 0.518 21
-1.000
0.400
-0.810
5k/5k 0.526 21
-1.000
0.480
-0.905
5k/5k 0.534 21
1.000
0.980
0.524
5k/5k 0.541 21
1.000
0.960
0.810
5k/5k 0.549 21
1.000
0.960
0.810
5k/5k 0.557 21
-1.000
0.460
-0.905
5k/5k 0.565 21
1.000
1.000
0.524
5k/5k 0.573 21
0.000
0.960
-0.333
5k/5k 0.502 22
-1.000
0.600
-0.909
5k/5k 0.510 22
-0.500
0.630
-0.955
5k/5k 0.518 22
-1.000
0.600
-1.000
5k/5k 0.526 22
1.000
0.950
0.409
5k/5k 0.534 22
-1.000
0.630
-0.955
5k/5k 0.541 22
-1.000
0.620
-1.000
5k/5k 0.549 22
1.000
0.990
0.682
5k/5k 0.557 22
-1.000
0.520
-1.000
5k/5k 0.565 22
1.000
0.990
0.500
5k/5k 0.573 22
1.000
0.990
0.682
5k/5k 0.502 15
-1.000
0.560
-1.000
5k/5k 0.510 15
-1.000
0.440
-1.000
5k/5k 0.518 15
-1.000
0.500
-1.000
5k/5k 0.526 15
-1.000
0.600
-1.000
5k/5k 0.534 15
-1.000
0.480
-0.867
5k/5k 0.541 15
-1.000
0.520
-1.000
5k/5k 0.549 15
-1.000
0.380
-1.000
5k/5k 0.557 15
-1.000
0.540
-1.000
5k/5k 0.565 15
-1.000
0.540
-1.000
5k/5k 0.573 15
1.000
0.980
0.333
5k/5k 0.502 16
-1.000
0.650
-0.875
5k/5k 0.510 16
-1.000
0.660
-0.812
5k/5k 0.518 16
-1.000
0.520
-0.938
5k/5k 0.526 16
-1.000
0.530
-0.938
5k/5k 0.534 16
-0.500
0.490
-0.938
5k/5k 0.541 16
-1.000
0.420
-0.938
5k/5k 0.549 16
-0.500
0.700
-0.938
5k/5k 0.557 16
-1.000
0.670
-1.000
5k/5k 0.565 16
-1.000
0.460
-1.000
5k/5k 0.573 16
-1.000
0.640
-1.000
5k/5k 0.502 17
-1.000
0.420
-0.765
5k/5k 0.510 17
-1.000
0.660
-0.765
5k/5k 0.518 17
-1.000
0.640
-1.000
5k/5k 0.526 17
-1.000
0.620
-1.000
5k/5k 0.534 17
0.000
0.660
-0.765
5k/5k 0.541 17
-1.000
0.660
-1.000
5k/5k 0.549 17
-1.000
0.640
-1.000
5k/5k 0.557 17
-1.000
0.600
-1.000
5k/5k 0.565 17
-1.000
0.620
-0.882
5k/5k 0.573 17
-1.000
0.620
-1.000
5k/5k 0.502 18
-1.000
0.470
-0.722
5k/5k 0.510 18
-0.500
0.440
-0.889
5k/5k 0.518 18
-1.000
0.610
-0.944
