5k/5k 0.587 15
-1.000
0.520
-1.000
5k/5k 0.595 15
-1.000
0.500
-1.000
5k/5k 0.603 15
1.000
0.980
0.200
5k/5k 0.611 15
-1.000
0.620
-1.000
5k/5k 0.618 15
-1.000
0.600
-1.000
5k/5k 0.626 15
-1.000
0.580
-1.000
5k/5k 0.634 15
-1.000
0.620
-1.000
5k/5k 0.642 15
1.000
0.980
0.333
5k/5k 0.650 15
1.000
0.980
1.000
5k/5k 0.587 16
-1.000
0.670
-0.812
5k/5k 0.595 16
1.000
0.960
0.562
5k/5k 0.603 16
-1.000
0.620
-1.000
5k/5k 0.611 16
1.000
0.960
0.625
5k/5k 0.618 16
1.000
0.980
0.875
5k/5k 0.626 16
1.000
0.970
0.562
5k/5k 0.634 16
1.000
0.990
0.500
5k/5k 0.642 16
0.500
0.980
-0.250
5k/5k 0.650 16
1.000
1.000
0.750
5k/5k 0.587 17
-1.000
0.460
-0.647
5k/5k 0.595 17
1.000
1.000
0.059
5k/5k 0.603 17
1.000
0.960
0.765
5k/5k 0.611 17
-1.000
0.940
0.176
5k/5k 0.618 17
-1.000
0.520
-1.000
5k/5k 0.626 17
1.000
0.980
0.529
5k/5k 0.634 17
1.000
1.000
1.000
5k/5k 0.642 17
1.000
1.000
0.647
5k/5k 0.650 17
1.000
1.000
0.647
5k/5k 0.587 18
-1.000
0.490
-1.000
5k/5k 0.595 18
1.000
0.950
0.556
5k/5k 0.603 18
1.000
1.000
0.833
5k/5k 0.611 18
1.000
0.990
0.778
5k/5k 0.618 18
1.000
0.980
0.889
5k/5k 0.626 18
1.000
1.000
0.500
5k/5k 0.634 18
1.000
0.970
0.667
5k/5k 0.642 18
1.000
0.970
0.833
5k/5k 0.650 18
1.000
0.970
0.833
5k/5k 0.587 19
1.000
0.960
0.789
5k/5k 0.595 19
-1.000
0.700
-1.000
5k/5k 0.603 19
1.000
0.980
0.579
5k/5k 0.611 19
1.000
0.960
0.579
5k/5k 0.618 19
1.000
0.980
-0.053
5k/5k 0.626 19
1.000
0.980
1.000
5k/5k 0.634 19
1.000
0.980
0.368
5k/5k 0.642 19
1.000
1.000
1.000
5k/5k 0.650 19
1.000
0.980
0.579
5k/5k 0.581 15
-1.000
0.480
-1.000
5k/5k 0.589 15
-1.000
0.640
-1.000
5k/5k 0.597 15
-1.000
0.500
-1.000
5k/5k 0.605 15
-1.000
0.560
-0.867
5k/5k 0.613 15
1.000
0.980
0.733
5k/5k 0.620 15
1.000
0.920
1.000
5k/5k 0.628 15
1.000
1.000
0.600
5k/5k 0.636 15
1.000
1.000
0.467
5k/5k 0.644 15
1.000
0.980
0.600
5k/5k 0.652 15
1.000
0.980
0.600
5k/5k 0.581 16
-1.000
0.680
-0.938
5k/5k 0.589 16
-1.000
0.550
-1.000
5k/5k 0.597 16
-1.000
0.570
-0.875
5k/5k 0.605 16
-1.000
0.590
-0.938
5k/5k 0.613 16
1.000
0.990
0.438
5k/5k 0.620 16
1.000
1.000
0.312
5k/5k 0.628 16
-1.000
0.620
-0.938
5k/5k 0.636 16
1.000
0.990
0.625
5k/5k 0.644 16
1.000
0.990
0.500
5k/5k 0.652 16
1.000
0.970
0.500
5k/5k 0.581 17
-1.000
0.600
-1.000
5k/5k 0.589 17
-1.000
0.560
-1.000
5k/5k 0.597 17
1.000
0.980
0.647
5k/5k 0.605 17
-1.000
0.580
-0.647
5k/5k 0.613 17
1.000
1.000
0.765
5k/5k 0.620 17
1.000
0.960
0.882
5k/5k 0.628 17
1.000
0.940
0.647
5k/5k 0.636 17
1.000
0.980
1.000
5k/5k 0.644 17
1.000
0.960
0.647
5k/5k 0.652 17
1.000
1.000
0.882
5k/5k 0.581 18
-1.000
0.610
-0.944
5k/5k 0.589 18
1.000
0.970
0.000
5k/5k 0.597 18
1.000
0.970
0.222
5k/5k 0.605 18
1.000
0.970
0.611
5k/5k 0.613 18
1.000
0.960
0.778
5k/5k 0.620 18
1.000
0.940
0.444
5k/5k 0.628 18
1.000
0.980
0.833
5k/5k 0.636 18
1.000
0.930
0.778
5k/5k 0.644 18
1.000
0.970
0.778
5k/5k 0.652 18
1.000
0.990
0.889
5k/5k 0.581 19
1.000
0.960
0.368
5k/5k 0.589 19
0.000
0.940
-0.368
5k/5k 0.597 19
-1.000
0.680
-1.000
5k/5k 0.605 19
1.000
0.980
0.789
5k/5k 0.613 19
1.000
0.980
0.474
5k/5k 0.620 19
1.000
0.980
0.684
5k/5k 0.628 19
1.000
0.980
1.000
5k/5k 0.636 19
1.000
0.940
0.474
5k/5k 0.644 19
1.000
1.000
0.474
5k/5k 0.652 19
1.000
1.000
0.368
5k/5k 0.581 20
1.000
0.970
0.500
5k/5k 0.589 20
1.000
0.990
1.000
5k/5k 0.597 20
1.000
0.940
0.200
5k/5k 0.605 20
0.500
0.950
0.750
5k/5k 0.613 20
1.000
0.980
0.950
5k/5k 0.620 20
1.000
0.980
0.850
5k/5k 0.628 20
1.000
0.980
0.550
5k/5k 0.636 20
1.000
1.000
0.650
5k/5k 0.644 20
1.000
0.980
0.700
5k/5k 0.652 20
1.000
0.970
0.450
5k/5k 0.581 21
1.000
0.960
0.143
5k/5k 0.589 21
1.000
0.960
0.714
5k/5k 0.597 21
1.000
0.960
0.714
5k/5k 0.605 21
1.000
0.960
0.524
5k/5k 0.613 21
1.000
0.980
1.000
5k/5k 0.620 21
1.000
1.000
1.000
5k/5k 0.628 21
1.000
0.980
1.000
5k/5k 0.636 21
1.000
0.940
1.000
5k/5k 0.644 21
1.000
1.000
0.048
5k/5k 0.652 21
1.000
0.980
0.619
5k/5k 0.581 22
1.000
0.990
0.591
5k/5k 0.589 22
1.000
0.970
0.773
5k/5k 0.597 22
1.000
0.940
0.727
5k/5k 0.605 22
1.000
0.990
1.000
5k/5k 0.581 15
-1.000
0.640
-1.000
5k/5k 0.589 15
1.000
1.000
0.867
5k/5k 0.597 15
-1.000
0.520
-1.000
5k/5k 0.605 15
-1.000
0.560
-1.000
5k/5k 0.613 15
-1.000
0.560
-1.000
5k/5k 0.620 15
1.000
1.000
0.733
5k/5k 0.628 15
1.000
0.960
1.000
5k/5k 0.636 15
1.000
0.960
0.733
5k/5k 0.644 15
1.000
0.960
0.733
5k/5k 0.652 15
1.000
0.960
1.000
5k/5k 0.581 16
-1.000
0.720
-0.938
5k/5k 0.589 16
-1.000
0.540
-1.000
5k/5k 0.597 16
1.000
0.910
0.062
5k/5k 0.605 16
1.000
0.980
0.125
5k/5k 0.613 16
-1.000
0.620
-1.000
5k/5k 0.620 16
1.000
0.970
0.688
5k/5k 0.628 16
1.000
1.000
0.875
5k/5k 0.636 16
1.000
1.000
0.375
5k/5k 0.644 16
1.000
0.970
0.750
5k/5k 0.652 16
1.000
0.990
0.750
5k/5k 0.581 17
1.000
1.000
1.000
5k/5k 0.589 17
1.000
0.980
0.412
5k/5k 0.597 17
-1.000
0.620
-1.000
5k/5k 0.605 17
-1.000
0.580
-1.000
5k/5k 0.613 17
1.000
1.000
0.059
5k/5k 0.620 17
-1.000
0.580
-1.000
5k/5k 0.628 17
1.000
0.940
0.412
5k/5k 0.636 17
1.000
1.000
0.176
5k/5k 0.644 17
1.000
0.880
0.294
5k/5k 0.652 17
-1.000
0.520
-1.000
5k/5k 0.581 18
1.000
0.960
0.833
5k/5k 0.589 18
-1.000
0.630
-1.000
5k/5k 0.597 18
1.000
0.990
0.333
5k/5k 0.605 18
1.000
0.980
1.000
5k/5k 0.613 18
1.000
0.960
0.444
5k/5k 0.620 18
1.000
0.980
0.778
5k/5k 0.628 18
1.000
0.990
0.556
5k/5k 0.636 18
1.000
0.960
0.333
5k/5k 0.644 18
1.000
0.980
0.833
5k/5k 0.652 18
1.000
0.970
0.889
5k/5k 0.581 19
1.000
0.980
0.368
5k/5k 0.589 19
1.000
0.940
0.684
5k/5k 0.597 19
1.000
0.960
0.789
5k/5k 0.605 19
1.000
0.980
0.895
5k/5k 0.613 19
1.000
0.980
0.684
5k/5k 0.620 19
1.000
1.000
0.895
5k/5k 0.628 19
1.000
0.920
0.895
5k/5k 0.636 19
1.000
1.000
0.368
5k/5k 0.644 19
1.000
0.980
0.474
5k/5k 0.652 19
1.000
1.000
0.579
5k/5k 0.581 20
1.000
0.980
0.500
5k/5k 0.589 20
1.000
0.950
0.500
5k/5k 0.597 20
1.000
1.000
1.000
