5k/5k 0.600 20
-1.000
0.580
-1.000
5k/5k 0.625 20
-1.000
0.620
-1.000
5k/5k 0.650 20
-1.000
0.560
-0.950
5k/5k 0.675 20
-1.000
0.400
-1.000
5k/5k 0.700 20
-1.000
-0.990
-1.000
5k/5k 0.600 19
-1.000
0.660
-1.000
5k/5k 0.625 19
-1.000
0.680
-1.000
5k/5k 0.650 19
-1.000
0.580
-1.000
5k/5k 0.675 19
-1.000
0.580
-1.000
5k/5k 0.700 19
-1.000
0.580
-1.000
5k/5k 0.600 18
-1.000
0.610
-1.000
5k/5k 0.625 18
-1.000
0.530
-1.000
5k/5k 0.650 18
-1.000
0.480
-0.944
5k/5k 0.675 18
-1.000
0.520
-1.000
5k/5k 0.700 18
-1.000
0.620
-1.000
5k/5k 0.600 17
-1.000
0.520
-0.882
5k/5k 0.625 17
-1.000
0.580
-1.000
5k/5k 0.650 17
-1.000
0.680
-1.000
5k/5k 0.675 17
-1.000
0.640
-1.000
5k/5k 0.700 17
-1.000
0.580
-1.000
5k/5k 0.500 23
-1.000
0.520
-1.000
5k/5k 0.525 23
-1.000
0.640
-1.000
5k/5k 0.550 23
-1.000
0.500
-0.826
5k/5k 0.575 23
-1.000
0.600
-1.000
5k/5k 0.600 23
-1.000
0.580
-1.000
5k/5k 0.500 22
-1.000
0.500
-1.000
5k/5k 0.525 22
1.000
0.970
0.227
5k/5k 0.550 22
-1.000
0.590
-1.000
5k/5k 0.575 22
-1.000
0.600
-1.000
5k/5k 0.600 22
-1.000
0.640
-1.000
5k/5k 0.500 21
-1.000
0.420
-1.000
5k/5k 0.525 21
-1.000
0.660
-0.905
5k/5k 0.550 21
-1.000
0.660
-0.810
5k/5k 0.575 21
-1.000
0.560
-1.000
5k/5k 0.600 21
-1.000
0.720
-1.000
5k/5k 0.500 20
-1.000
0.530
-0.800
5k/5k 0.525 20
-1.000
0.430
-1.000
5k/5k 0.550 20
-1.000
0.660
-1.000
5k/5k 0.575 20
-1.000
0.550
-0.950
5k/5k 0.600 20
-1.000
0.580
-0.950
5k/5k 0.500 19
-1.000
0.500
-0.895
5k/5k 0.525 19
-1.000
0.560
-1.000
5k/5k 0.550 19
-1.000
0.540
-1.000
5k/5k 0.575 19
-1.000
0.540
-1.000
5k/5k 0.600 19
-1.000
0.580
-0.895
5k/5k 0.400 24
1.000
-0.040
-0.125
5k/5k 0.421 24
-1.000
0.380
-0.917
5k/5k 0.443 24
0.000
0.550
-0.708
5k/5k 0.464 24
-1.000
0.530
-0.917
5k/5k 0.486 24
-1.000
0.690
-0.708
5k/5k 0.507 24
-1.000
0.350
-0.958
5k/5k 0.529 24
-1.000
0.440
-0.958
5k/5k 0.550 24
-1.000
0.410
-0.958
5k/5k 0.571 24
1.000
0.920
-0.042
5k/5k 0.593 24
-1.000
0.680
-1.000
5k/5k 0.614 24
-1.000
0.420
-0.958
5k/5k 0.636 24
-1.000
0.560
-0.958
5k/5k 0.657 24
-1.000
-1.000
-1.000
5k/5k 0.679 24
-1.000
-0.990
-0.958
5k/5k 0.700 24
-1.000
-0.990
-1.000
5k/5k 0.400 25
0.000
-0.040
-0.680
5k/5k 0.421 25
1.000
0.380
0.440
5k/5k 0.443 25
1.000
0.800
0.360
5k/5k 0.464 25
-1.000
0.800
-0.440
5k/5k 0.486 25
1.000
0.880
0.440
5k/5k 0.507 25
-1.000
0.320
-1.000
5k/5k 0.529 25
1.000
1.000
0.360
5k/5k 0.550 25
-1.000
0.500
-0.920
5k/5k 0.571 25
-1.000
0.620
-1.000
5k/5k 0.593 25
-1.000
0.680
-1.000
5k/5k 0.614 25
-1.000
-1.000
-1.000
5k/5k 0.636 25
-1.000
0.760
-1.000
5k/5k 0.657 25
-1.000
-0.980
-1.000
5k/5k 0.679 25
-1.000
-0.980
-1.000
5k/5k 0.700 25
-1.000
-0.960
-1.000
5k/5k 0.400 26
1.000
-0.020
0.038
5k/5k 0.421 26
-1.000
0.030
-0.923
5k/5k 0.443 26
-0.500
0.450
-0.500
5k/5k 0.464 26
1.000
0.840
-0.346
5k/5k 0.486 26
1.000
0.820
0.346
5k/5k 0.507 26
1.000
0.970
0.115
5k/5k 0.529 26
1.000
0.930
0.462
5k/5k 0.550 26
-1.000
0.430
-0.885
5k/5k 0.571 26
-1.000
0.450
-0.962
5k/5k 0.593 26
-1.000
0.520
-1.000
5k/5k 0.614 26
-1.000
-0.970
-1.000
5k/5k 0.636 26
-1.000
0.630
-1.000
5k/5k 0.657 26
-1.000
0.650
-1.000
5k/5k 0.679 26
-1.000
-1.000
-1.000
5k/5k 0.700 26
-1.000
-0.970
-1.000
5k/5k 0.400 27
-1.000
-0.060
-0.926
5k/5k 0.421 27
-1.000
-0.240
-0.481
5k/5k 0.443 27
-1.000
0.340
-0.852
5k/5k 0.464 27
-1.000
0.300
-0.926
5k/5k 0.486 27
1.000
0.840
0.111
5k/5k 0.507 27
-1.000
0.620
-0.778
5k/5k 0.529 27
-1.000
0.660
-0.778
5k/5k 0.550 27
-1.000
0.420
-1.000
5k/5k 0.571 27
1.000
1.000
0.704
5k/5k 0.593 27
-1.000
0.480
-0.926
5k/5k 0.614 27
-1.000
0.800
-0.852
5k/5k 0.636 27
-1.000
0.560
-1.000
5k/5k 0.657 27
-1.000
-0.980
-1.000
5k/5k 0.679 27
-1.000
-0.980
-1.000
5k/5k 0.700 27
-1.000
-1.000
-1.000
5k/5k 0.400 28
1.000
0.140
0.179
5k/5k 0.421 28
-1.000
0.420
-0.357
5k/5k 0.443 28
0.000
0.290
-0.571
5k/5k 0.464 28
-1.000
0.750
-0.500
5k/5k 0.486 28
1.000
0.880
0.536
5k/5k 0.507 28
-1.000
0.440
-0.964
5k/5k 0.529 28
-1.000
0.600
-1.000
5k/5k 0.550 28
1.000
0.990
0.571
5k/5k 0.571 28
-1.000
0.610
-0.929
5k/5k 0.593 28
-1.000
0.540
-1.000
5k/5k 0.614 28
-1.000
-0.980
-1.000
5k/5k 0.636 28
-1.000
0.590
-1.000
5k/5k 0.657 28
-1.000
-1.000
-1.000
5k/5k 0.679 28
-1.000
-0.990
-1.000
5k/5k 0.700 28
-1.000
-0.990
-1.000
5k/5k 0.400 29
-1.000
-0.080
-0.793
5k/5k 0.421 29
-1.000
0.260
-0.724
5k/5k 0.443 29
1.000
0.620
0.241
5k/5k 0.464 29
-1.000
0.580
-0.862
5k/5k 0.486 29
1.000
0.960
-0.241
5k/5k 0.507 29
1.000
0.940
0.793
5k/5k 0.529 29
1.000
0.940
0.586
5k/5k 0.550 29
-1.000
0.580
-1.000
5k/5k 0.571 29
-1.000
-0.820
-0.931
5k/5k 0.593 29
-1.000
0.700
-1.000
5k/5k 0.614 29
-1.000
-0.960
-1.000
5k/5k 0.636 29
-1.000
-1.000
-1.000
5k/5k 0.657 29
-1.000
-1.000
-1.000
5k/5k 0.679 29
-1.000
0.640
-1.000
5k/5k 0.700 29
-1.000
-1.000
-1.000
5k/5k 0.400 30
-1.000
0.040
0.200
5k/5k 0.421 30
-0.500
0.060
-0.200
5k/5k 0.443 30
-0.500
0.660
-0.300
5k/5k 0.464 30
1.000
0.820
0.033
5k/5k 0.486 30
-1.000
0.430
-0.833
5k/5k 0.507 30
-1.000
0.380
-0.867
5k/5k 0.529 30
1.000
0.980
0.333
5k/5k 0.550 30
-1.000
0.520
-0.933
5k/5k 0.571 30
-0.500
-0.710
-0.967
5k/5k 0.593 30
-1.000
-0.650
-0.933
5k/5k 0.614 30
-1.000
0.390
-1.000
5k/5k 0.636 30
-1.000
-0.950
-0.967
5k/5k 0.657 30
-1.000
-1.000
-1.000
5k/5k 0.679 30
-1.000
-1.000
-1.000
5k/5k 0.700 30
-1.000
-0.970
-1.000
5k/5k 0.500 15
-1.000
0.520
-0.733
5k/5k 0.511 15
0.000
0.360
-1.000
5k/5k 0.522 15
-1.000
0.560
-0.867
5k/5k 0.533 15
-1.000
0.560
-1.000
5k/5k 0.544 15
-1.000
0.580
-0.733
5k/5k 0.556 15
-1.000
0.620
-1.000
5k/5k 0.567 15
-1.000
0.500
-1.000
5k/5k 0.578 15
-1.000
0.760
-1.000
5k/5k 0.589 15
-1.000
0.620
-1.000
5k/5k 0.600 15
-1.000
0.600
-1.000
5k/5k 0.500 16
-1.000
0.540
-0.875
5k/5k 0.511 16
-0.500
0.460
-0.812
5k/5k 0.522 16
-1.000
0.500
-1.000
5k/5k 0.533 16
-1.000
0.430
-0.875
5k/5k 0.544 16
-1.000
0.630
-1.000
5k/5k 0.556 16
-1.000
0.600
-1.000
5k/5k 0.567 16
-1.000
0.680
-0.938
5k/5k 0.578 16
-1.000
0.530
-0.875
5k/5k 0.589 16
-1.000
0.660
-1.000
5k/5k 0.600 16
-1.000
0.570
-0.938
5k/5k 0.500 17
-1.000
0.600
-1.000
5k/5k 0.511 17
-1.000
0.640
-1.000
5k/5k 0.522 17
-1.000
0.500
-1.000
5k/5k 0.533 17
-1.000
0.520
-1.000
5k/5k 0.544 17
-1.000
0.520
-1.000
5k/5k 0.556 17
1.000
0.920
0.059
5k/5k 0.567 17
-1.000
0.600
-1.000
5k/5k 0.578 17
-1.000
0.580
-0.882
5k/5k 0.589 17
-1.000
0.540
-1.000
5k/5k 0.600 17
-1.000
0.600
-1.000
5k/5k 0.500 18
-0.500
0.470
-0.944
5k/5k 0.511 18
-1.000
0.480
-0.889
5k/5k 0.522 18
-1.000
0.560
-1.000
5k/5k 0.533 18
-1.000
0.690
-1.000
5k/5k 0.544 18
-1.000
0.400
-1.000
5k/5k 0.556 18
-1.000
0.650
-1.000
5k/5k 0.567 18
-1.000
0.480
-1.000
5k/5k 0.578 18
-0.500
0.730
-0.944
5k/5k 0.589 18
-1.000
0.760
-1.000
5k/5k 0.600 18
-1.000
0.610
-1.000
5k/5k 0.500 19
-1.000
0.500
-1.000
5k/5k 0.511 19
-1.000
0.680
-1.000
5k/5k 0.522 19
-1.000
0.720
-0.263
5k/5k 0.533 19
-1.000
0.340
-1.000
5k/5k 0.544 19
-1.000
0.560
-0.895
5k/5k 0.556 19
-1.000
0.700
-1.000
5k/5k 0.567 19
-1.000
0.580
-1.000
5k/5k 0.578 19
-1.000
0.580
-1.000
5k/5k 0.589 19
-1.000
0.580
-1.000
5k/5k 0.600 19
-1.000
0.580
-1.000
5k/5k 0.500 20
-1.000
0.510
-1.000
5k/5k 0.511 20
-1.000
0.640
-0.850
5k/5k 0.522 20
0.500
0.900
-0.100
5k/5k 0.533 20
-1.000
0.490
-1.000
5k/5k 0.544 20
-1.000
0.580
-1.000
5k/5k 0.556 20
-1.000
0.550
-1.000
5k/5k 0.567 20
-1.000
0.510
-1.000
5k/5k 0.578 20
-1.000
0.660
-1.000
5k/5k 0.589 20
-1.000
0.630
-1.000
5k/5k 0.600 20
-1.000
0.630
-1.000
5k/5k 0.500 21
-1.000
0.500
-1.000
5k/5k 0.511 21
-1.000
0.680
-1.000
5k/5k 0.522 21
-1.000
0.620
-0.905
5k/5k 0.533 21
-1.000
0.460
-1.000
5k/5k 0.544 21
-1.000
0.540
-1.000
5k/5k 0.556 21
-1.000
0.440
-1.000
5k/5k 0.567 21
-1.000
0.680
-1.000
5k/5k 0.578 21
-1.000
0.620
-1.000
5k/5k 0.589 21
-1.000
0.560
-1.000
5k/5k 0.600 21
-1.000
0.560
-0.905
5k/5k 0.500 22
-1.000
0.460
-1.000
5k/5k 0.511 22
0.000
0.510
-0.818
5k/5k 0.522 22
-1.000
0.590
-0.864
5k/5k 0.533 22
-1.000
0.480
-1.000
5k/5k 0.544 22
-1.000
0.620
-0.682
5k/5k 0.556 22
-1.000
0.440
-0.864
5k/5k 0.567 22
-1.000
0.490
-0.955
5k/5k 0.578 22
-1.000
0.570
-1.000
5k/5k 0.589 22
-1.000
0.650
-1.000
5k/5k 0.500 24
1.000
0.910
0.583
5k/5k 0.511 24
-1.000
0.760
-0.833
5k/5k 0.522 24
1.000
0.950
0.458
5k/5k 0.533 24
-1.000
0.610
-0.875
5k/5k 0.544 24
-1.000
0.560
-0.792
5k/5k 0.556 24
-1.000
0.680
-0.917
5k/5k 0.567 24
-1.000
0.720
-1.000
5k/5k 0.578 24
-1.000
0.540
-1.000
5k/5k 0.589 24
-1.000
0.580
-0.958
5k/5k 0.600 24
-1.000
0.620
-0.958
5k/5k 0.500 25
1.000
0.940
0.440
5k/5k 0.511 25
0.000
0.920
0.280
5k/5k 0.522 25
-1.000
0.700
-1.000
5k/5k 0.533 25
-1.000
0.380
-1.000
5k/5k 0.544 25
-1.000
0.640
-1.000
5k/5k 0.556 25
1.000
0.980
0.920
5k/5k 0.567 25
-1.000
0.520
-1.000
5k/5k 0.578 25
-1.000
0.580
-0.920
5k/5k 0.589 25
-1.000
0.580
-1.000
5k/5k 0.600 25
-1.000
0.520
-1.000
5k/5k 0.500 26
0.500
0.660
-0.846
5k/5k 0.511 26
1.000
0.960
0.538
5k/5k 0.522 26
-1.000
0.580
-0.962
5k/5k 0.533 26
1.000
0.970
0.769
5k/5k 0.544 26
-1.000
0.500
-0.962
5k/5k 0.556 26
-1.000
0.600
-1.000
5k/5k 0.567 26
-1.000
0.560
-1.000
5k/5k 0.578 26
-1.000
0.650
-1.000
5k/5k 0.589 26
-1.000
0.390
-0.885
5k/5k 0.600 26
-1.000
0.440
-0.962
5k/5k 0.500 27
1.000
0.900
0.926
5k/5k 0.511 27
-1.000
0.620
-1.000
5k/5k 0.522 27
1.000
0.900
0.407
5k/5k 0.533 27
-1.000
0.580
-1.000
5k/5k 0.544 27
-1.000
0.540
-1.000
5k/5k 0.556 27
-1.000
0.700
-0.926
5k/5k 0.567 27
-1.000
0.680
-0.926
5k/5k 0.578 27
-1.000
0.600
-1.000
5k/5k 0.589 27
-1.000
0.720
-1.000
5k/5k 0.600 27
-1.000
0.500
-1.000
5k/5k 0.500 28
0.000
0.510
-0.714
5k/5k 0.511 28
1.000
0.960
0.714
5k/5k 0.522 28
-1.000
0.570
-0.929
5k/5k 0.533 28
-1.000
0.490
-1.000
5k/5k 0.544 28
-1.000
0.730
-0.786
5k/5k 0.556 28
-0.500
0.500
-0.929
5k/5k 0.567 28
-1.000
0.580
-1.000
5k/5k 0.578 28
-1.000
0.740
-0.929
5k/5k 0.589 28
-1.000
0.460
-0.964
5k/5k 0.600 28
-1.000
-0.960
-1.000
5k/5k 0.500 29
-1.000
0.620
-0.931
5k/5k 0.511 29
-1.000
0.540
-0.931
5k/5k 0.522 29
1.000
0.940
0.793
5k/5k 0.533 29
-1.000
0.440
-0.931
5k/5k 0.544 29
-1.000
0.780
-0.793
5k/5k 0.556 29
0.000
0.820
-0.586
5k/5k 0.567 29
-1.000
0.620
-0.931
5k/5k 0.578 29
-1.000
0.500
-1.000
5k/5k 0.589 29
-1.000
-0.940
-0.931
5k/5k 0.600 29
0.000
0.780
-0.724
5k/5k 0.480 24
-1.000
0.560
-0.792
5k/5k 0.485 24
-1.000
0.560
-0.958
5k/5k 0.491 24
1.000
0.500
-0.542
5k/5k 0.496 24
1.000
0.970
-0.292
5k/5k 0.501 24
-1.000
0.570
-0.958
5k/5k 0.506 24
-1.000
0.660
-0.958
5k/5k 0.512 24
-1.000
0.610
-1.000
5k/5k 0.517 24
-1.000
0.490
-0.958
5k/5k 0.522 24
-1.000
0.560
-1.000
5k/5k 0.527 24
-1.000
0.600
-0.917
5k/5k 0.480 25
1.000
0.920
0.520
5k/5k 0.485 25
-1.000
0.600
-0.920
5k/5k 0.491 25
0.000
0.920
-0.120
5k/5k 0.496 25
1.000
0.880
0.440
5k/5k 0.501 25
1.000
0.960
0.200
5k/5k 0.506 25
-1.000
0.620
-0.920
5k/5k 0.512 25
-1.000
0.540
-1.000
5k/5k 0.517 25
-1.000
0.620
-0.840
5k/5k 0.522 25
1.000
0.900
0.600
5k/5k 0.527 25
-1.000
0.700
-0.840
5k/5k 0.480 26
1.000
0.870
0.231
5k/5k 0.485 26
0.000
0.910
0.538
5k/5k 0.491 26
-1.000
0.200
-0.923
5k/5k 0.496 26
1.000
0.900
0.808
5k/5k 0.501 26
0.500
0.880
0.192
5k/5k 0.506 26
-1.000
0.510
-0.962
5k/5k 0.512 26
-1.000
0.420
-1.000
5k/5k 0.517 26
1.000
0.900
0.577
5k/5k 0.522 26
-1.000
0.630
-0.846
5k/5k 0.527 26
-1.000
0.540
-1.000
5k/5k 0.480 27
-1.000
0.560
-0.852
5k/5k 0.485 27
1.000
0.960
0.333
5k/5k 0.491 27
0.000
0.440
-0.704
5k/5k 0.496 27
-1.000
0.400
-1.000
5k/5k 0.501 27
-1.000
0.280
-1.000
5k/5k 0.506 27
-1.000
0.600
-1.000
5k/5k 0.512 27
1.000
0.960
0.481
5k/5k 0.517 27
-1.000
0.420
-0.926
5k/5k 0.522 27
-1.000
0.500
-1.000
5k/5k 0.527 27
-1.000
0.560
-1.000
5k/5k 0.480 28
1.000
0.880
0.571
5k/5k 0.485 28
1.000
0.940
0.321
5k/5k 0.491 28
1.000
0.910
0.464
5k/5k 0.496 28
-1.000
0.400
-0.893
5k/5k 0.501 28
1.000
0.980
0.286
5k/5k 0.506 28
1.000
0.880
0.179
5k/5k 0.512 28
1.000
0.960
0.464
5k/5k 0.517 28
-1.000
0.510
-0.786
5k/5k 0.522 28
1.000
0.970
0.000
5k/5k 0.527 28
0.000
0.400
-0.750
5k/5k 0.480 29
-1.000
0.540
-0.931
5k/5k 0.485 29
-1.000
0.640
-0.862
5k/5k 0.491 29
0.000
0.840
-0.241
5k/5k 0.496 29
0.000
0.840
-0.241
5k/5k 0.501 29
-1.000
0.620
-0.862
5k/5k 0.506 29
-1.000
0.560
-0.862
5k/5k 0.512 29
0.000
0.520
-1.000
5k/5k 0.517 29
-1.000
0.420
-1.000
5k/5k 0.522 29
-1.000
0.400
-0.862
5k/5k 0.482 24
-1.000
0.470
-1.000
5k/5k 0.487 24
-1.000
0.420
-0.875
5k/5k 0.493 24
-1.000
0.410
-1.000
5k/5k 0.498 24
1.000
0.820
0.375
5k/5k 0.503 24
-1.000
0.600
-0.958
5k/5k 0.508 24
-1.000
0.490
-0.875
5k/5k 0.514 24
-1.000
0.600
-1.000
5k/5k 0.519 24
1.000
0.920
0.583
5k/5k 0.524 24
1.000
0.950
0.708
5k/5k 0.529 24
1.000
0.920
0.500
5k/5k 0.482 25
0.000
0.900
0.120
5k/5k 0.487 25
-1.000
0.500
-0.920
5k/5k 0.493 25
-1.000
0.520
-1.000
5k/5k 0.498 25
-1.000
0.580
-1.000
5k/5k 0.503 25
1.000
0.880
0.840
5k/5k 0.508 25
-1.000
0.540
-1.000
5k/5k 0.514 25
-1.000
0.680
-0.760
5k/5k 0.519 25
-1.000
0.620
-1.000
5k/5k 0.524 25
1.000
0.920
0.200
5k/5k 0.529 25
-1.000
0.600
-0.920
5k/5k 0.482 26
1.000
0.950
0.577
5k/5k 0.487 26
-1.000
0.440
-0.962
5k/5k 0.493 26
1.000
0.890
0.731
5k/5k 0.498 26
-1.000
0.650
-0.962
5k/5k 0.503 26
1.000
0.920
0.577
5k/5k 0.508 26
-1.000
0.590
-0.808
5k/5k 0.514 26
-1.000
0.580
-0.923
5k/5k 0.519 26
1.000
0.930
0.808
5k/5k 0.524 26
-1.000
0.580
-1.000
5k/5k 0.529 26
-1.000
0.470
-0.885
5k/5k 0.482 27
-1.000
0.600
-1.000
5k/5k 0.487 27
1.000
0.840
0.259
5k/5k 0.493 27
-1.000
0.600
-1.000
5k/5k 0.498 27
1.000
0.940
0.778
5k/5k 0.503 27
1.000
0.920
0.778
5k/5k 0.508 27
1.000
0.960
0.556
5k/5k 0.514 27
1.000
0.940
0.630
5k/5k 0.519 27
-1.000
0.460
-0.926
5k/5k 0.524 27
1.000
1.000
0.481
5k/5k 0.529 27
1.000
0.900
0.630
5k/5k 0.482 28
1.000
0.950
-0.036
5k/5k 0.487 28
1.000
0.830
0.536
5k/5k 0.493 28
-1.000
0.500
-0.929
5k/5k 0.498 28
-1.000
0.620
-0.821
5k/5k 0.503 28
1.000
0.890
0.643
5k/5k 0.508 28
1.000
0.800
0.214
5k/5k 0.514 28
1.000
0.950
0.321
5k/5k 0.519 28
-1.000
0.700
-0.964
5k/5k 0.524 28
-1.000
0.400
-0.893
5k/5k 0.529 28
1.000
0.900
0.786
5k/5k 0.482 29
1.000
0.720
0.586
5k/5k 0.487 29
1.000
0.920
0.310
5k/5k 0.493 29
-1.000
0.640
-1.000
5k/5k 0.498 29
1.000
0.940
0.172
5k/5k 0.503 29
-1.000
0.640
-0.862
5k/5k 0.508 29
1.000
0.940
0.862
5k/5k 0.514 29
-1.000
0.300
-0.931
5k/5k 0.519 29
1.000
0.900
0.172
5k/5k 0.524 29
-1.000
0.500
-1.000
5k/5k 0.529 29
-1.000
0.800
-1.000
5k/5k 0.482 24
1.000
0.860
0.833
5k/5k 0.487 24
0.000
0.700
-0.750
5k/5k 0.493 24
-1.000
0.450
-1.000
5k/5k 0.498 24
0.000
0.740
-0.667
5k/5k 0.503 24
-1.000
0.530
-0.792
5k/5k 0.508 24
1.000
0.820
0.125
5k/5k 0.514 24
-1.000
0.540
-1.000
5k/5k 0.519 24
1.000
0.960
0.042
5k/5k 0.524 24
-1.000
0.630
-0.958
5k/5k 0.529 24
-1.000
0.460
-0.875
5k/5k 0.482 25
1.000
0.880
0.280
5k/5k 0.487 25
-1.000
0.440
-0.920
5k/5k 0.493 25
1.000
0.940
0.280
5k/5k 0.533 24
-1.000
0.590
-0.958
5k/5k 0.538 24
-1.000
0.630
-1.000
5k/5k 0.543 24
-1.000
0.490
-0.958
5k/5k 0.548 24
-1.000
0.770
-0.958
5k/5k 0.554 24
-1.000
0.480
-1.000
5k/5k 0.559 24
-1.000
0.470
-1.000
5k/5k 0.564 24
1.000
0.980
0.583
5k/5k 0.569 24
-0.500
0.500
-0.833
5k/5k 0.575 24
-1.000
0.460
-1.000
5k/5k 0.580 24
-1.000
0.610
-0.958
5k/5k 0.533 25
-1.000
0.680
-0.920
5k/5k 0.538 25
-1.000
0.580
-1.000
5k/5k 0.543 25
-1.000
0.620
-0.920
5k/5k 0.548 25
-1.000
0.520
-0.840
5k/5k 0.554 25
-1.000
0.740
-0.920
5k/5k 0.559 25
-1.000
0.560
-0.920
5k/5k 0.564 25
-1.000
0.580
-1.000
5k/5k 0.569 25
-1.000
0.520
-0.920
5k/5k 0.575 25
-1.000
0.560
-0.920
5k/5k 0.580 25
-1.000
-0.960
-0.920
5k/5k 0.533 26
-1.000
0.470
-0.962
5k/5k 0.538 26
-1.000
0.560
-0.885
5k/5k 0.543 26
-1.000
0.740
-0.923
5k/5k 0.548 26
1.000
0.980
0.462
5k/5k 0.554 26
-1.000
0.600
-1.000
5k/5k 0.559 26
-1.000
0.730
-1.000
5k/5k 0.564 26
1.000
0.870
-0.500
5k/5k 0.569 26
-1.000
0.610
-0.923
5k/5k 0.575 26
1.000
1.000
0.769
5k/5k 0.580 26
-1.000
0.340
-1.000
5k/5k 0.533 27
-1.000
0.580
-1.000
5k/5k 0.538 27
-1.000
0.620
-1.000
5k/5k 0.543 27
1.000
0.980
0.556
5k/5k 0.548 27
-1.000
0.540
-1.000
5k/5k 0.554 27
-1.000
0.520
-0.852
5k/5k 0.559 27
-1.000
0.600
-0.778
5k/5k 0.564 27
-1.000
0.440
-1.000
5k/5k 0.569 27
-1.000
0.700
-1.000
5k/5k 0.575 27
1.000
0.960
0.481
5k/5k 0.580 27
-1.000
0.660
-1.000
5k/5k 0.533 28
-1.000
0.430
-0.964
5k/5k 0.538 28
-1.000
0.460
-0.893
5k/5k 0.543 28
-1.000
0.660
-1.000
5k/5k 0.548 28
-1.000
0.630
-1.000
5k/5k 0.554 28
-1.000
0.430
-0.857
5k/5k 0.535 24
-1.000
0.630
-1.000
5k/5k 0.540 24
-1.000
0.590
-0.875
5k/5k 0.545 24
-1.000
0.590
-0.958
5k/5k 0.550 24
-1.000
0.550
-1.000
5k/5k 0.556 24
0.000
0.780
-0.708
5k/5k 0.561 24
-1.000
0.570
-1.000
5k/5k 0.566 24
-1.000
0.650
-0.917
5k/5k 0.571 24
-1.000
0.640
-1.000
5k/5k 0.577 24
-1.000
0.780
-0.917
5k/5k 0.582 24
-1.000
0.560
-0.958
5k/5k 0.535 25
-1.000
0.480
-1.000
5k/5k 0.540 25
-1.000
0.540
-1.000
5k/5k 0.545 25
-1.000
0.560
-0.920
5k/5k 0.550 25
-1.000
0.640
-0.920
5k/5k 0.556 25
-1.000
0.680
-0.920
5k/5k 0.561 25
-1.000
0.520
-1.000
5k/5k 0.566 25
-1.000
0.400
-0.920
5k/5k 0.571 25
-1.000
0.660
-1.000
5k/5k 0.577 25
-1.000
0.520
-1.000
5k/5k 0.582 25
-1.000
0.700
-1.000
5k/5k 0.535 26
-1.000
0.770
-0.923
5k/5k 0.540 26
-1.000
0.620
-1.000
5k/5k 0.545 26
0.000
0.940
0.731
5k/5k 0.550 26
-1.000
0.640
-1.000
5k/5k 0.556 26
-1.000
0.560
-1.000
5k/5k 0.561 26
-1.000
0.550
-0.962
5k/5k 0.566 26
-1.000
0.540
-1.000
5k/5k 0.571 26
-0.500
0.560
-0.923
5k/5k 0.577 26
-1.000
0.670
-1.000
5k/5k 0.582 26
-1.000
0.660
-0.885
5k/5k 0.535 27
-1.000
0.500
-1.000
5k/5k 0.540 27
1.000
0.980
0.630
5k/5k 0.545 27
0.000
0.480
-0.926
5k/5k 0.550 27
-1.000
0.460
-0.926
5k/5k 0.556 27
-1.000
0.580
-0.926
5k/5k 0.561 27
-1.000
0.440
-1.000
5k/5k 0.566 27
-1.000
0.440
-1.000
5k/5k 0.571 27
-1.000
0.520
-0.852
5k/5k 0.577 27
-1.000
0.620
-1.000
5k/5k 0.582 27
-1.000
0.620
-1.000
5k/5k 0.535 28
-1.000
0.680
-1.000
5k/5k 0.540 28
-1.000
-0.200
-0.964
5k/5k 0.545 28
1.000
0.950
0.643
5k/5k 0.550 28
-1.000
0.690
-0.857
5k/5k 0.556 28
-1.000
0.500
-0.893
5k/5k 0.561 28
-1.000
0.620
-1.000
5k/5k 0.566 28
-1.000
0.500
-0.964
5k/5k 0.571 28
-1.000
0.630
-0.964
5k/5k 0.577 28
-1.000
-0.960
-0.893
5k/5k 0.582 28
-1.000
0.510
-0.893
5k/5k 0.535 29
1.000
0.900
0.862
5k/5k 0.540 29
-1.000
0.740
-1.000
5k/5k 0.545 29
-1.000
0.600
-1.000
5k/5k 0.550 29
1.000
1.000
0.517
5k/5k 0.556 29
-1.000
0.520
-0.931
5k/5k 0.561 29
-1.000
0.620
-0.793
5k/5k 0.566 29
-1.000
0.640
-1.000
5k/5k 0.571 29
-1.000
0.480
-1.000
5k/5k 0.577 29
-1.000
0.520
-1.000
5k/5k 0.582 29
-1.000
0.620
-1.000
5k/5k 0.535 24
-1.000
0.400
-0.917
5k/5k 0.540 24
-1.000
0.560
-0.750
5k/5k 0.545 24
-1.000
0.600
-0.917
5k/5k 0.550 24
-0.500
0.700
-0.917
5k/5k 0.556 24
-1.000
0.420
-1.000
5k/5k 0.561 24
-1.000
0.640
-0.917
5k/5k 0.566 24
-1.000
0.640
-0.917
5k/5k 0.571 24
-1.000
0.620
-1.000
5k/5k 0.577 24
-1.000
0.530
-0.875
5k/5k 0.582 24
-1.000
0.410
-1.000
5k/5k 0.535 25
-1.000
0.380
-0.920
5k/5k 0.540 25
0.000
0.600
-1.000
5k/5k 0.545 25
-1.000
0.460
-0.760
5k/5k 0.550 25
-1.000
0.780
-0.600
5k/5k 0.556 25
-1.000
0.520
-1.000
5k/5k 0.561 25
-1.000
0.480
-1.000
5k/5k 0.566 25
-1.000
0.740
-0.920
5k/5k 0.571 25
-1.000
0.560
-1.000
5k/5k 0.577 25
-1.000
0.500
-0.920
5k/5k 0.582 25
-1.000
0.660
-1.000
5k/5k 0.535 26
-1.000
0.420
-0.962
5k/5k 0.540 26
-1.000
0.590
-0.923
5k/5k 0.545 26
-1.000
0.580
-0.846
5k/5k 0.550 26
-1.000
0.540
-1.000
5k/5k 0.556 26
1.000
0.940
0.808
5k/5k 0.561 26
1.000
0.990
0.077
5k/5k 0.566 26
-1.000
0.510
-0.962
5k/5k 0.571 26
-1.000
0.450
-1.000
5k/5k 0.577 26
-1.000
0.720
-0.962
5k/5k 0.582 26
-1.000
0.620
-0.962
5k/5k 0.535 27
-1.000
0.700
-0.926
5k/5k 0.540 27
-1.000
0.660
-0.926
5k/5k 0.545 27
-1.000
0.560
-0.926
5k/5k 0.550 27
-1.000
0.740
-1.000
5k/5k 0.556 27
-1.000
0.380
-0.926
5k/5k 0.561 27
-1.000
0.560
-0.926
5k/5k 0.566 27
-1.000
0.560
-1.000
5k/5k 0.571 27
-1.000
0.740
-1.000
5k/5k 0.577 27
-1.000
0.140
-1.000
5k/5k 0.582 27
-1.000
0.660
-0.926
5k/5k 0.535 28
0.000
0.680
-0.893
5k/5k 0.540 28
-0.500
0.430
-0.857
5k/5k 0.545 28
-1.000
0.600
-1.000
5k/5k 0.550 28
-1.000
0.590
-1.000
5k/5k 0.556 28
1.000
0.970
0.429
5k/5k 0.561 28
-1.000
0.560
-1.000
5k/5k 0.566 28
-1.000
0.420
-1.000
5k/5k 0.571 28
-1.000
0.630
-1.000
5k/5k 0.577 28
-1.000
0.590
-0.857
5k/5k 0.582 28
-1.000
-0.940
-1.000
5k/5k 0.535 29
1.000
0.920
-0.172
5k/5k 0.540 29
-1.000
0.560
-1.000
5k/5k 0.545 29
-1.000
0.360
-1.000
5k/5k 0.550 29
-1.000
0.460
-1.000
5k/5k 0.556 29
1.000
0.740
0.379
5k/5k 0.561 29
1.000
0.960
0.379
5k/5k 0.566 29
-1.000
0.660
-0.931
5k/5k 0.571 29
-1.000
0.660
-1.000
5k/5k 0.577 29
-1.000
0.640
-1.000
5k/5k 0.582 29
-1.000
0.560
-0.931
