5k/5k 0.600 20
1.000
0.960
0.300
5k/5k 0.625 20
1.000
0.990
0.700
5k/5k 0.650 20
1.000
0.990
1.000
5k/5k 0.675 20
1.000
0.970
0.850
5k/5k 0.700 20
1.000
1.000
0.700
5k/5k 0.600 19
0.000
0.900
0.053
5k/5k 0.625 19
1.000
0.960
0.474
5k/5k 0.650 19
1.000
1.000
0.474
5k/5k 0.675 19
1.000
1.000
0.895
5k/5k 0.700 19
1.000
1.000
0.895
5k/5k 0.600 18
1.000
0.990
0.389
5k/5k 0.625 18
1.000
0.980
0.333
5k/5k 0.650 18
1.000
0.970
0.389
5k/5k 0.675 18
1.000
1.000
0.667
5k/5k 0.700 18
1.000
1.000
0.833
5k/5k 0.600 17
1.000
1.000
0.647
5k/5k 0.625 17
1.000
1.000
0.882
5k/5k 0.650 17
1.000
1.000
0.765
5k/5k 0.675 17
1.000
1.000
0.882
5k/5k 0.700 17
1.000
1.000
1.000
5k/5k 0.500 23
-1.000
0.680
-1.000
5k/5k 0.525 23
1.000
0.940
0.304
5k/5k 0.550 23
1.000
1.000
0.043
5k/5k 0.575 23
1.000
1.000
0.739
5k/5k 0.600 23
1.000
0.980
0.565
5k/5k 0.500 22
-0.500
0.470
-0.818
5k/5k 0.525 22
-1.000
0.520
-0.955
5k/5k 0.550 22
1.000
0.970
0.273
5k/5k 0.575 22
1.000
0.980
0.182
5k/5k 0.600 22
1.000
0.990
0.955
5k/5k 0.500 21
1.000
0.940
-0.238
5k/5k 0.525 21
-1.000
0.560
-1.000
5k/5k 0.550 21
-1.000
0.580
-1.000
5k/5k 0.575 21
1.000
0.980
0.238
5k/5k 0.600 21
1.000
0.960
0.714
5k/5k 0.500 20
-1.000
0.520
-0.900
5k/5k 0.525 20
-1.000
0.520
-1.000
5k/5k 0.550 20
1.000
0.970
0.450
5k/5k 0.575 20
1.000
0.990
0.850
5k/5k 0.600 20
0.500
0.950
0.900
5k/5k 0.500 19
-1.000
0.680
-0.895
5k/5k 0.525 19
1.000
0.960
0.368
5k/5k 0.550 19
0.000
0.900
0.368
5k/5k 0.400 24
1.000
0.040
0.375
5k/5k 0.421 24
0.000
0.050
-0.833
5k/5k 0.443 24
0.000
0.770
0.042
5k/5k 0.464 24
-1.000
0.630
-0.875
5k/5k 0.486 24
-1.000
0.600
-1.000
5k/5k 0.507 24
0.500
0.960
-0.333
5k/5k 0.529 24
1.000
0.930
0.833
5k/5k 0.550 24
1.000
0.980
-0.042
5k/5k 0.571 24
1.000
0.970
0.542
5k/5k 0.593 24
1.000
0.980
0.625
5k/5k 0.614 24
1.000
0.950
0.375
5k/5k 0.636 24
1.000
0.960
0.750
5k/5k 0.657 24
1.000
0.990
0.917
5k/5k 0.679 24
1.000
0.960
0.875
5k/5k 0.700 24
1.000
1.000
0.958
5k/5k 0.400 25
1.000
0.120
-0.280
5k/5k 0.421 25
-1.000
0.160
-0.760
5k/5k 0.443 25
-1.000
0.440
-0.520
5k/5k 0.464 25
-1.000
0.280
-0.840
5k/5k 0.486 25
-1.000
0.520
-1.000
5k/5k 0.507 25
1.000
0.900
0.440
5k/5k 0.529 25
-1.000
0.580
-1.000
5k/5k 0.550 25
1.000
0.980
0.600
5k/5k 0.571 25
1.000
1.000
0.680
5k/5k 0.593 25
1.000
0.980
0.840
5k/5k 0.614 25
1.000
0.900
0.600
5k/5k 0.636 25
1.000
1.000
0.520
5k/5k 0.657 25
1.000
0.980
0.760
5k/5k 0.679 25
1.000
0.980
0.920
5k/5k 0.700 25
1.000
1.000
1.000
5k/5k 0.400 26
-1.000
-0.070
-0.731
5k/5k 0.421 26
0.000
0.110
-0.423
5k/5k 0.443 26
1.000
0.480
0.538
5k/5k 0.464 26
-0.500
0.250
-0.808
5k/5k 0.486 26
-1.000
0.350
-0.577
5k/5k 0.507 26
0.500
0.920
0.500
5k/5k 0.529 26
1.000
0.960
0.385
5k/5k 0.550 26
0.500
0.850
0.538
5k/5k 0.571 26
0.500
0.960
0.654
5k/5k 0.593 26
1.000
0.970
0.308
5k/5k 0.614 26
1.000
0.920
0.808
5k/5k 0.636 26
1.000
1.000
0.577
5k/5k 0.657 26
1.000
1.000
0.654
5k/5k 0.679 26
1.000
0.980
0.615
5k/5k 0.700 26
1.000
1.000
1.000
5k/5k 0.400 27
-1.000
0.120
-0.259
5k/5k 0.421 27
-1.000
0.300
-0.926
5k/5k 0.443 27
-1.000
0.340
-0.704
5k/5k 0.464 27
-1.000
0.680
-0.704
5k/5k 0.486 27
1.000
0.980
0.407
5k/5k 0.507 27
1.000
0.980
0.778
5k/5k 0.529 27
1.000
1.000
0.481
5k/5k 0.550 27
1.000
0.960
0.259
5k/5k 0.571 27
1.000
0.960
0.630
5k/5k 0.593 27
1.000
0.980
1.000
5k/5k 0.614 27
1.000
0.960
0.704
5k/5k 0.636 27
0.000
0.960
0.704
5k/5k 0.657 27
1.000
1.000
0.778
5k/5k 0.679 27
1.000
1.000
0.630
5k/5k 0.700 27
1.000
0.980
0.926
5k/5k 0.400 28
-1.000
0.460
-0.500
5k/5k 0.421 28
1.000
0.460
-0.071
5k/5k 0.443 28
0.000
0.740
-0.036
5k/5k 0.464 28
0.500
0.880
0.357
5k/5k 0.486 28
1.000
0.690
-0.179
5k/5k 0.507 28
1.000
0.880
0.143
5k/5k 0.529 28
1.000
0.940
0.750
5k/5k 0.550 28
1.000
0.920
0.750
5k/5k 0.571 28
1.000
0.980
0.714
5k/5k 0.593 28
1.000
0.990
0.714
5k/5k 0.614 28
1.000
0.980
0.929
5k/5k 0.636 28
1.000
0.990
0.821
5k/5k 0.657 28
1.000
0.970
0.786
5k/5k 0.679 28
1.000
0.990
0.643
5k/5k 0.700 28
0.500
0.970
0.500
5k/5k 0.400 29
1.000
0.400
-0.034
5k/5k 0.421 29
-1.000
0.400
-0.724
5k/5k 0.443 29
-1.000
0.320
-0.793
5k/5k 0.464 29
1.000
0.760
-0.103
5k/5k 0.486 29
1.000
0.940
0.448
5k/5k 0.507 29
1.000
0.940
0.379
5k/5k 0.529 29
1.000
0.920
0.379
5k/5k 0.550 29
1.000
0.960
0.517
5k/5k 0.571 29
1.000
0.980
0.655
5k/5k 0.593 29
1.000
0.980
0.655
5k/5k 0.614 29
1.000
0.980
0.724
5k/5k 0.636 29
1.000
0.960
0.724
5k/5k 0.657 29
1.000
1.000
0.862
5k/5k 0.679 29
1.000
1.000
0.931
5k/5k 0.700 29
1.000
0.980
0.793
5k/5k 0.400 30
-1.000
-0.090
-0.867
5k/5k 0.421 30
-1.000
0.140
-0.567
5k/5k 0.443 30
-1.000
0.120
-0.700
5k/5k 0.464 30
-1.000
0.620
-0.767
5k/5k 0.486 30
1.000
0.850
0.133
5k/5k 0.507 30
0.500
0.930
0.733
5k/5k 0.529 30
1.000
0.940
0.733
5k/5k 0.550 30
1.000
0.980
0.367
5k/5k 0.571 30
1.000
0.950
0.700
5k/5k 0.593 30
1.000
1.000
0.600
5k/5k 0.614 30
1.000
0.930
0.667
5k/5k 0.636 30
1.000
0.960
0.833
5k/5k 0.657 30
1.000
0.980
0.767
5k/5k 0.679 30
1.000
1.000
0.700
5k/5k 0.700 30
1.000
0.990
0.800
5k/5k 0.500 15
0.000
0.520
-0.200
5k/5k 0.511 15
-1.000
0.680
-1.000
5k/5k 0.522 15
-1.000
0.420
-1.000
5k/5k 0.533 15
-1.000
0.540
-1.000
5k/5k 0.544 15
-1.000
0.320
-0.733
5k/5k 0.556 15
0.000
0.400
-1.000
5k/5k 0.567 15
-1.000
0.740
-1.000
5k/5k 0.578 15
0.000
0.520
-0.867
5k/5k 0.589 15
-1.000
0.640
-1.000
5k/5k 0.600 15
-1.000
0.440
-1.000
5k/5k 0.500 16
-1.000
0.380
-1.000
5k/5k 0.511 16
-1.000
0.540
-1.000
5k/5k 0.522 16
-1.000
0.700
-1.000
5k/5k 0.533 16
-1.000
0.640
-0.688
5k/5k 0.544 16
-1.000
0.640
-1.000
5k/5k 0.556 16
-1.000
0.720
-1.000
5k/5k 0.567 16
-1.000
0.570
-1.000
5k/5k 0.578 16
-1.000
0.620
-1.000
5k/5k 0.589 16
1.000
0.980
0.625
5k/5k 0.600 16
-1.000
0.650
-1.000
5k/5k 0.500 17
-1.000
0.560
-0.647
5k/5k 0.511 17
-1.000
0.420
-1.000
5k/5k 0.522 17
-1.000
0.440
-0.647
5k/5k 0.533 17
-1.000
0.560
-1.000
5k/5k 0.544 17
-1.000
0.520
-1.000
5k/5k 0.556 17
-1.000
0.800
-0.647
5k/5k 0.567 17
0.000
0.700
-0.765
5k/5k 0.578 17
1.000
0.940
0.412
5k/5k 0.589 17
-1.000
0.520
-1.000
5k/5k 0.600 17
-1.000
0.760
-0.882
5k/5k 0.500 18
-0.500
0.500
-0.889
5k/5k 0.511 18
0.000
0.470
-0.889
5k/5k 0.522 18
-1.000
0.550
-0.944
5k/5k 0.533 18
-1.000
0.650
-0.833
5k/5k 0.544 18
-1.000
0.600
-1.000
5k/5k 0.556 18
-1.000
0.770
-0.944
5k/5k 0.567 18
1.000
0.970
0.833
5k/5k 0.578 18
1.000
0.990
0.389
5k/5k 0.589 18
1.000
0.980
0.667
5k/5k 0.600 18
1.000
0.990
0.278
5k/5k 0.500 19
-1.000
0.460
-1.000
5k/5k 0.511 19
-1.000
0.720
-0.789
5k/5k 0.522 19
-1.000
0.580
-0.895
5k/5k 0.533 19
1.000
0.940
0.368
5k/5k 0.544 19
-1.000
0.480
-0.895
5k/5k 0.556 19
1.000
0.980
-0.053
5k/5k 0.567 19
1.000
0.940
0.474
5k/5k 0.578 19
1.000
0.980
0.053
5k/5k 0.589 19
1.000
1.000
0.368
5k/5k 0.600 19
-1.000
0.540
-1.000
5k/5k 0.500 20
-1.000
0.490
-1.000
5k/5k 0.511 20
1.000
0.960
0.400
5k/5k 0.522 20
1.000
0.960
0.450
5k/5k 0.533 20
1.000
0.960
-0.100
5k/5k 0.544 20
1.000
0.970
0.200
5k/5k 0.556 20
-1.000
0.540
-0.900
5k/5k 0.567 20
1.000
0.970
0.400
5k/5k 0.578 20
1.000
0.880
0.100
5k/5k 0.589 20
1.000
0.980
0.700
5k/5k 0.600 20
1.000
0.950
0.650
5k/5k 0.500 21
-1.000
0.480
-1.000
5k/5k 0.511 21
-1.000
0.360
-0.524
5k/5k 0.522 21
-1.000
0.620
-1.000
5k/5k 0.533 21
1.000
0.940
0.905
5k/5k 0.544 21
1.000
0.960
0.429
5k/5k 0.556 21
1.000
0.980
0.143
5k/5k 0.567 21
1.000
1.000
0.048
5k/5k 0.578 21
-1.000
0.520
-1.000
5k/5k 0.589 21
1.000
1.000
0.714
5k/5k 0.600 21
1.000
1.000
0.619
5k/5k 0.500 22
-1.000
0.490
-0.864
5k/5k 0.511 22
-1.000
0.660
-0.955
5k/5k 0.522 22
1.000
0.870
0.136
5k/5k 0.533 22
-1.000
0.540
-0.955
5k/5k 0.544 22
1.000
0.940
0.000
5k/5k 0.556 22
1.000
0.950
0.545
5k/5k 0.567 22
1.000
0.970
0.364
5k/5k 0.578 22
1.000
0.960
0.591
5k/5k 0.589 22
1.000
1.000
0.545
5k/5k 0.600 22
1.000
0.980
0.682
5k/5k 0.500 15
-1.000
0.520
-0.733
5k/5k 0.511 15
-1.000
0.560
-1.000
5k/5k 0.522 15
-1.000
0.560
-0.600
5k/5k 0.533 15
-1.000
0.500
-1.000
5k/5k 0.544 15
-1.000
0.560
-1.000
5k/5k 0.556 15
-1.000
0.620
-0.867
5k/5k 0.567 15
-1.000
0.440
-1.000
5k/5k 0.578 15
-1.000
0.640
-1.000
5k/5k 0.589 15
-1.000
0.640
-1.000
5k/5k 0.600 15
1.000
0.960
0.333
5k/5k 0.500 16
-1.000
0.670
-0.938
5k/5k 0.511 16
-1.000
0.470
-0.938
5k/5k 0.522 16
-1.000
0.600
-1.000
5k/5k 0.533 16
-1.000
0.360
-0.875
5k/5k 0.544 16
-1.000
0.630
-1.000
5k/5k 0.556 16
-1.000
0.490
-1.000
5k/5k 0.567 16
-1.000
0.560
-1.000
5k/5k 0.578 16
1.000
0.990
0.375
5k/5k 0.589 16
1.000
0.990
0.500
5k/5k 0.600 16
-1.000
0.580
-1.000
5k/5k 0.500 17
-1.000
0.480
-1.000
5k/5k 0.511 17
-1.000
0.560
-1.000
5k/5k 0.522 17
-1.000
0.660
-1.000
5k/5k 0.533 17
-1.000
0.760
-0.882
5k/5k 0.544 17
-1.000
0.740
-1.000
5k/5k 0.556 17
1.000
0.940
0.529
5k/5k 0.567 17
-1.000
0.600
-1.000
5k/5k 0.578 17
1.000
0.960
0.765
5k/5k 0.589 17
1.000
0.960
0.529
5k/5k 0.600 17
1.000
0.840
0.882
5k/5k 0.500 18
-1.000
0.530
-0.944
5k/5k 0.511 18
-1.000
0.470
-1.000
5k/5k 0.500 15
-1.000
0.580
-0.867
5k/5k 0.508 15
-1.000
0.480
-1.000
5k/5k 0.516 15
-1.000
0.520
-1.000
5k/5k 0.524 15
-1.000
0.560
-0.733
5k/5k 0.532 15
-1.000
0.580
-1.000
5k/5k 0.539 15
-1.000
0.580
-1.000
5k/5k 0.547 15
-1.000
0.400
-0.867
5k/5k 0.555 15
0.000
0.400
-1.000
5k/5k 0.563 15
-1.000
0.540
-1.000
5k/5k 0.571 15
-1.000
0.660
-1.000
5k/5k 0.579 15
-1.000
0.560
-1.000
5k/5k 0.500 16
-1.000
0.570
-1.000
5k/5k 0.508 16
-1.000
0.510
-1.000
5k/5k 0.516 16
-0.500
0.740
-0.750
5k/5k 0.524 16
-1.000
0.670
-0.938
5k/5k 0.532 16
-1.000
0.470
-0.875
5k/5k 0.539 16
-1.000
0.650
-1.000
5k/5k 0.547 16
-1.000
0.540
-0.938
5k/5k 0.555 16
-1.000
0.680
-0.875
5k/5k 0.563 16
-1.000
0.470
-0.875
5k/5k 0.571 16
-1.000
0.570
-0.938
5k/5k 0.579 16
-1.000
0.450
-1.000
5k/5k 0.500 17
-1.000
0.500
-1.000
5k/5k 0.508 17
-1.000
0.500
-0.882
5k/5k 0.516 17
-1.000
0.700
-0.882
5k/5k 0.524 17
-1.000
0.620
-1.000
5k/5k 0.532 17
-1.000
0.440
-0.765
5k/5k 0.539 17
-1.000
0.720
-1.000
5k/5k 0.547 17
-1.000
0.620
-1.000
5k/5k 0.555 17
-1.000
0.560
-1.000
5k/5k 0.563 17
-1.000
0.500
-1.000
5k/5k 0.571 17
1.000
0.960
0.882
5k/5k 0.579 17
-1.000
0.560
-1.000
5k/5k 0.500 18
-1.000
0.390
-0.722
5k/5k 0.508 18
-1.000
0.560
-0.944
5k/5k 0.516 18
-1.000
0.420
-0.889
5k/5k 0.524 18
-0.500
0.430
-0.667
5k/5k 0.532 18
-1.000
0.460
-0.944
5k/5k 0.539 18
1.000
0.930
0.389
5k/5k 0.547 18
0.500
0.900
-0.167
5k/5k 0.555 18
1.000
0.830
-0.444
5k/5k 0.563 18
-0.500
0.530
-0.944
5k/5k 0.571 18
1.000
0.980
0.833
5k/5k 0.579 18
1.000
0.970
0.556
5k/5k 0.500 19
-1.000
0.660
-0.579
5k/5k 0.508 19
-1.000
0.660
-0.684
5k/5k 0.516 19
-1.000
0.680
-1.000
5k/5k 0.524 19
-1.000
0.600
-1.000
5k/5k 0.532 19
-1.000
0.640
-0.895
5k/5k 0.539 19
-1.000
0.560
-1.000
5k/5k 0.547 19
-1.000
0.640
-0.895
5k/5k 0.555 19
-1.000
0.540
-1.000
5k/5k 0.563 19
0.000
0.840
-0.368
5k/5k 0.571 19
1.000
1.000
0.684
5k/5k 0.579 19
-1.000
0.660
-1.000
5k/5k 0.500 20
-1.000
0.460
-0.950
5k/5k 0.508 20
1.000
0.660
-0.200
5k/5k 0.516 20
-1.000
0.400
-0.850
5k/5k 0.524 20
-1.000
0.470
-0.900
5k/5k 0.532 20
-1.000
0.400
-1.000
5k/5k 0.539 20
-1.000
0.560
-1.000
5k/5k 0.547 20
-1.000
0.520
-1.000
5k/5k 0.555 20
-1.000
0.730
-1.000
5k/5k 0.563 20
0.500
0.980
0.250
5k/5k 0.571 20
1.000
0.970
0.700
5k/5k 0.579 20
1.000
0.990
0.650
5k/5k 0.500 21
-1.000
0.520
-0.905
5k/5k 0.508 21
-1.000
0.780
-1.000
5k/5k 0.516 21
1.000
0.980
-0.333
5k/5k 0.524 21
1.000
0.920
0.619
5k/5k 0.532 21
-1.000
0.560
-0.810
5k/5k 0.539 21
-1.000
0.660
-0.905
5k/5k 0.547 21
1.000
0.980
0.429
5k/5k 0.555 21
1.000
0.940
0.333
5k/5k 0.563 21
1.000
0.900
1.000
5k/5k 0.571 21
1.000
0.940
0.619
5k/5k 0.579 21
1.000
1.000
0.333
5k/5k 0.500 22
1.000
0.930
-0.045
5k/5k 0.508 22
-1.000
0.490
-0.909
5k/5k 0.516 22
-1.000
0.740
-1.000
5k/5k 0.524 22
1.000
0.900
0.682
5k/5k 0.532 22
-0.500
0.790
-0.864
5k/5k 0.539 22
1.000
0.950
0.318
5k/5k 0.547 22
1.000
0.870
0.591
5k/5k 0.555 22
1.000
0.970
0.909
5k/5k 0.563 22
1.000
0.900
0.500
5k/5k 0.571 22
0.500
0.930
-0.045
5k/5k 0.579 22
1.000
0.970
0.545
5k/5k 0.502 15
0.000
0.480
-0.733
5k/5k 0.510 15
-1.000
0.640
-0.600
5k/5k 0.518 15
-1.000
0.520
-0.867
5k/5k 0.526 15
-1.000
0.560
-1.000
5k/5k 0.534 15
-1.000
0.660
-0.867
5k/5k 0.541 15
-1.000
0.420
-1.000
5k/5k 0.549 15
-1.000
0.600
-1.000
5k/5k 0.557 15
-1.000
0.560
-1.000
5k/5k 0.565 15
-1.000
0.540
-0.867
5k/5k 0.573 15
-1.000
0.540
-1.000
5k/5k 0.502 16
-1.000
0.600
-0.875
5k/5k 0.510 16
-1.000
0.510
-1.000
5k/5k 0.518 16
-1.000
0.490
-0.938
5k/5k 0.526 16
-1.000
0.690
-1.000
5k/5k 0.534 16
-1.000
0.590
-1.000
5k/5k 0.541 16
-1.000
0.580
-0.938
5k/5k 0.549 16
-1.000
0.630
-1.000
5k/5k 0.557 16
-1.000
0.540
-0.875
5k/5k 0.565 16
-1.000
0.690
-1.000
5k/5k 0.573 16
-1.000
0.670
-0.938
5k/5k 0.502 17
0.000
0.680
-0.765
5k/5k 0.510 17
-1.000
0.520
-1.000
5k/5k 0.518 17
-1.000
0.440
-1.000
5k/5k 0.526 17
-1.000
0.520
-1.000
5k/5k 0.534 17
-1.000
0.660
-1.000
5k/5k 0.541 17
-1.000
0.400
-1.000
5k/5k 0.549 17
-1.000
0.580
-0.882
5k/5k 0.557 17
-1.000
0.560
-1.000
5k/5k 0.565 17
-1.000
0.560
-1.000
5k/5k 0.573 17
-1.000
0.560
-1.000
5k/5k 0.502 18
1.000
0.910
0.333
5k/5k 0.510 18
0.000
0.680
-0.833
5k/5k 0.518 18
-1.000
0.560
-0.833
5k/5k 0.526 18
0.500
0.530
-0.833
5k/5k 0.534 18
-1.000
0.470
-1.000
5k/5k 0.541 18
-1.000
0.430
-1.000
5k/5k 0.549 18
-1.000
0.460
-0.944
5k/5k 0.557 18
-1.000
0.460
-1.000
5k/5k 0.565 18
-1.000
0.710
-1.000
5k/5k 0.573 18
1.000
0.970
0.778
5k/5k 0.502 19
-1.000
0.560
-0.684
5k/5k 0.510 19
0.000
0.760
-0.579
5k/5k 0.518 19
-1.000
0.460
-1.000
5k/5k 0.526 19
-1.000
0.520
-1.000
5k/5k 0.534 19
0.000
0.480
-1.000
5k/5k 0.541 19
1.000
0.960
-0.053
5k/5k 0.549 19
-1.000
0.680
-1.000
5k/5k 0.557 19
-1.000
0.440
-1.000
5k/5k 0.565 19
1.000
0.960
0.158
5k/5k 0.573 19
1.000
1.000
0.895
5k/5k 0.502 20
-1.000
0.690
-0.900
5k/5k 0.510 20
1.000
0.890
-0.350
5k/5k 0.518 20
-1.000
0.550
-0.950
5k/5k 0.526 20
1.000
0.950
0.450
5k/5k 0.534 20
1.000
0.940
0.150
5k/5k 0.541 20
0.500
0.920
0.700
5k/5k 0.549 20
1.000
0.910
0.200
5k/5k 0.557 20
1.000
0.960
0.600
5k/5k 0.565 20
-1.000
0.560
-0.650
5k/5k 0.573 20
1.000
0.920
0.400
5k/5k 0.502 21
-1.000
0.400
-1.000
5k/5k 0.510 21
-1.000
0.660
-0.905
5k/5k 0.518 21
-1.000
0.400
-0.810
5k/5k 0.526 21
-1.000
0.480
-0.905
5k/5k 0.534 21
1.000
0.980
0.524
5k/5k 0.541 21
1.000
0.960
0.810
5k/5k 0.549 21
1.000
0.960
0.810
5k/5k 0.557 21
-1.000
0.460
-0.905
5k/5k 0.565 21
1.000
1.000
0.524
5k/5k 0.573 21
0.000
0.960
-0.333
5k/5k 0.502 22
-1.000
0.600
-0.909
5k/5k 0.510 22
-0.500
0.630
-0.955
5k/5k 0.518 22
-1.000
0.600
-1.000
5k/5k 0.526 22
1.000
0.950
0.409
5k/5k 0.534 22
-1.000
0.630
-0.955
5k/5k 0.541 22
-1.000
0.620
-1.000
5k/5k 0.549 22
1.000
0.990
0.682
5k/5k 0.557 22
-1.000
0.520
-1.000
5k/5k 0.565 22
1.000
0.990
0.500
5k/5k 0.573 22
1.000
0.990
0.682
5k/5k 0.502 15
-1.000
0.560
-1.000
5k/5k 0.510 15
-1.000
0.440
-1.000
5k/5k 0.518 15
-1.000
0.500
-1.000
5k/5k 0.526 15
-1.000
0.600
-1.000
5k/5k 0.534 15
-1.000
0.480
-0.867
5k/5k 0.541 15
-1.000
0.520
-1.000
5k/5k 0.549 15
-1.000
0.380
-1.000
5k/5k 0.557 15
-1.000
0.540
-1.000
5k/5k 0.565 15
-1.000
0.540
-1.000
5k/5k 0.573 15
1.000
0.980
0.333
5k/5k 0.502 16
-1.000
0.650
-0.875
5k/5k 0.510 16
-1.000
0.660
-0.812
5k/5k 0.518 16
-1.000
0.520
-0.938
5k/5k 0.526 16
-1.000
0.530
-0.938
5k/5k 0.534 16
-0.500
0.490
-0.938
5k/5k 0.541 16
-1.000
0.420
-0.938
5k/5k 0.549 16
-0.500
0.700
-0.938
5k/5k 0.557 16
-1.000
0.670
-1.000
5k/5k 0.565 16
-1.000
0.460
-1.000
5k/5k 0.573 16
-1.000
0.640
-1.000
5k/5k 0.502 17
-1.000
0.420
-0.765
5k/5k 0.510 17
-1.000
0.660
-0.765
5k/5k 0.518 17
-1.000
0.640
-1.000
5k/5k 0.526 17
-1.000
0.620
-1.000
5k/5k 0.534 17
0.000
0.660
-0.765
5k/5k 0.541 17
-1.000
0.660
-1.000
5k/5k 0.549 17
-1.000
0.640
-1.000
5k/5k 0.557 17
-1.000
0.600
-1.000
5k/5k 0.565 17
-1.000
0.620
-0.882
5k/5k 0.573 17
-1.000
0.620
-1.000
5k/5k 0.502 18
-1.000
0.470
-0.722
5k/5k 0.510 18
-0.500
0.440
-0.889
5k/5k 0.518 18
-1.000
0.610
-0.944
5k/5k 0.587 15
-1.000
0.520
-1.000
5k/5k 0.595 15
-1.000
0.500
-1.000
5k/5k 0.603 15
1.000
0.980
0.200
5k/5k 0.611 15
-1.000
0.620
-1.000
5k/5k 0.618 15
-1.000
0.600
-1.000
5k/5k 0.626 15
-1.000
0.580
-1.000
5k/5k 0.634 15
-1.000
0.620
-1.000
5k/5k 0.642 15
1.000
0.980
0.333
5k/5k 0.650 15
1.000
0.980
1.000
5k/5k 0.587 16
-1.000
0.670
-0.812
5k/5k 0.595 16
1.000
0.960
0.562
5k/5k 0.603 16
-1.000
0.620
-1.000
5k/5k 0.611 16
1.000
0.960
0.625
5k/5k 0.618 16
1.000
0.980
0.875
5k/5k 0.626 16
1.000
0.970
0.562
5k/5k 0.634 16
1.000
0.990
0.500
5k/5k 0.642 16
0.500
0.980
-0.250
5k/5k 0.650 16
1.000
1.000
0.750
5k/5k 0.587 17
-1.000
0.460
-0.647
5k/5k 0.595 17
1.000
1.000
0.059
5k/5k 0.603 17
1.000
0.960
0.765
5k/5k 0.611 17
-1.000
0.940
0.176
5k/5k 0.618 17
-1.000
0.520
-1.000
5k/5k 0.626 17
1.000
0.980
0.529
5k/5k 0.634 17
1.000
1.000
1.000
5k/5k 0.642 17
1.000
1.000
0.647
5k/5k 0.650 17
1.000
1.000
0.647
5k/5k 0.587 18
-1.000
0.490
-1.000
5k/5k 0.595 18
1.000
0.950
0.556
5k/5k 0.603 18
1.000
1.000
0.833
5k/5k 0.611 18
1.000
0.990
0.778
5k/5k 0.618 18
1.000
0.980
0.889
5k/5k 0.626 18
1.000
1.000
0.500
5k/5k 0.634 18
1.000
0.970
0.667
5k/5k 0.642 18
1.000
0.970
0.833
5k/5k 0.650 18
1.000
0.970
0.833
5k/5k 0.587 19
1.000
0.960
0.789
5k/5k 0.595 19
-1.000
0.700
-1.000
5k/5k 0.603 19
1.000
0.980
0.579
5k/5k 0.611 19
1.000
0.960
0.579
5k/5k 0.618 19
1.000
0.980
-0.053
5k/5k 0.626 19
1.000
0.980
1.000
5k/5k 0.634 19
1.000
0.980
0.368
5k/5k 0.642 19
1.000
1.000
1.000
5k/5k 0.650 19
1.000
0.980
0.579
5k/5k 0.581 15
-1.000
0.480
-1.000
5k/5k 0.589 15
-1.000
0.640
-1.000
5k/5k 0.597 15
-1.000
0.500
-1.000
5k/5k 0.605 15
-1.000
0.560
-0.867
5k/5k 0.613 15
1.000
0.980
0.733
5k/5k 0.620 15
1.000
0.920
1.000
5k/5k 0.628 15
1.000
1.000
0.600
5k/5k 0.636 15
1.000
1.000
0.467
5k/5k 0.644 15
1.000
0.980
0.600
5k/5k 0.652 15
1.000
0.980
0.600
5k/5k 0.581 16
-1.000
0.680
-0.938
5k/5k 0.589 16
-1.000
0.550
-1.000
5k/5k 0.597 16
-1.000
0.570
-0.875
5k/5k 0.605 16
-1.000
0.590
-0.938
5k/5k 0.613 16
1.000
0.990
0.438
5k/5k 0.620 16
1.000
1.000
0.312
5k/5k 0.628 16
-1.000
0.620
-0.938
5k/5k 0.636 16
1.000
0.990
0.625
5k/5k 0.644 16
1.000
0.990
0.500
5k/5k 0.652 16
1.000
0.970
0.500
5k/5k 0.581 17
-1.000
0.600
-1.000
5k/5k 0.589 17
-1.000
0.560
-1.000
5k/5k 0.597 17
1.000
0.980
0.647
5k/5k 0.605 17
-1.000
0.580
-0.647
5k/5k 0.613 17
1.000
1.000
0.765
5k/5k 0.620 17
1.000
0.960
0.882
5k/5k 0.628 17
1.000
0.940
0.647
5k/5k 0.636 17
1.000
0.980
1.000
5k/5k 0.644 17
1.000
0.960
0.647
5k/5k 0.652 17
1.000
1.000
0.882
5k/5k 0.581 18
-1.000
0.610
-0.944
5k/5k 0.589 18
1.000
0.970
0.000
5k/5k 0.597 18
1.000
0.970
0.222
5k/5k 0.605 18
1.000
0.970
0.611
5k/5k 0.613 18
1.000
0.960
0.778
5k/5k 0.620 18
1.000
0.940
0.444
5k/5k 0.628 18
1.000
0.980
0.833
5k/5k 0.636 18
1.000
0.930
0.778
5k/5k 0.644 18
1.000
0.970
0.778
5k/5k 0.652 18
1.000
0.990
0.889
5k/5k 0.581 19
1.000
0.960
0.368
5k/5k 0.589 19
0.000
0.940
-0.368
5k/5k 0.597 19
-1.000
0.680
-1.000
5k/5k 0.605 19
1.000
0.980
0.789
5k/5k 0.613 19
1.000
0.980
0.474
5k/5k 0.620 19
1.000
0.980
0.684
5k/5k 0.628 19
1.000
0.980
1.000
5k/5k 0.636 19
1.000
0.940
0.474
5k/5k 0.644 19
1.000
1.000
0.474
5k/5k 0.652 19
1.000
1.000
0.368
5k/5k 0.581 20
1.000
0.970
0.500
5k/5k 0.589 20
1.000
0.990
1.000
5k/5k 0.597 20
1.000
0.940
0.200
5k/5k 0.605 20
0.500
0.950
0.750
5k/5k 0.613 20
1.000
0.980
0.950
5k/5k 0.620 20
1.000
0.980
0.850
5k/5k 0.628 20
1.000
0.980
0.550
5k/5k 0.636 20
1.000
1.000
0.650
5k/5k 0.644 20
1.000
0.980
0.700
5k/5k 0.652 20
1.000
0.970
0.450
5k/5k 0.581 21
1.000
0.960
0.143
5k/5k 0.589 21
1.000
0.960
0.714
5k/5k 0.597 21
1.000
0.960
0.714
5k/5k 0.605 21
1.000
0.960
0.524
5k/5k 0.613 21
1.000
0.980
1.000
5k/5k 0.620 21
1.000
1.000
1.000
5k/5k 0.628 21
1.000
0.980
1.000
5k/5k 0.636 21
1.000
0.940
1.000
5k/5k 0.644 21
1.000
1.000
0.048
5k/5k 0.652 21
1.000
0.980
0.619
5k/5k 0.581 22
1.000
0.990
0.591
5k/5k 0.589 22
1.000
0.970
0.773
5k/5k 0.597 22
1.000
0.940
0.727
5k/5k 0.605 22
1.000
0.990
1.000
5k/5k 0.581 15
-1.000
0.640
-1.000
5k/5k 0.589 15
1.000
1.000
0.867
5k/5k 0.597 15
-1.000
0.520
-1.000
5k/5k 0.605 15
-1.000
0.560
-1.000
5k/5k 0.613 15
-1.000
0.560
-1.000
5k/5k 0.620 15
1.000
1.000
0.733
5k/5k 0.628 15
1.000
0.960
1.000
5k/5k 0.636 15
1.000
0.960
0.733
5k/5k 0.644 15
1.000
0.960
0.733
5k/5k 0.652 15
1.000
0.960
1.000
5k/5k 0.581 16
-1.000
0.720
-0.938
5k/5k 0.589 16
-1.000
0.540
-1.000
5k/5k 0.597 16
1.000
0.910
0.062
5k/5k 0.605 16
1.000
0.980
0.125
5k/5k 0.613 16
-1.000
0.620
-1.000
5k/5k 0.620 16
1.000
0.970
0.688
5k/5k 0.628 16
1.000
1.000
0.875
5k/5k 0.636 16
1.000
1.000
0.375
5k/5k 0.644 16
1.000
0.970
0.750
5k/5k 0.652 16
1.000
0.990
0.750
5k/5k 0.581 17
1.000
1.000
1.000
5k/5k 0.589 17
1.000
0.980
0.412
5k/5k 0.597 17
-1.000
0.620
-1.000
5k/5k 0.605 17
-1.000
0.580
-1.000
5k/5k 0.613 17
1.000
1.000
0.059
5k/5k 0.620 17
-1.000
0.580
-1.000
5k/5k 0.628 17
1.000
0.940
0.412
5k/5k 0.636 17
1.000
1.000
0.176
5k/5k 0.644 17
1.000
0.880
0.294
5k/5k 0.652 17
-1.000
0.520
-1.000
5k/5k 0.581 18
1.000
0.960
0.833
5k/5k 0.589 18
-1.000
0.630
-1.000
5k/5k 0.597 18
1.000
0.990
0.333
5k/5k 0.605 18
1.000
0.980
1.000
5k/5k 0.613 18
1.000
0.960
0.444
5k/5k 0.620 18
1.000
0.980
0.778
5k/5k 0.628 18
1.000
0.990
0.556
5k/5k 0.636 18
1.000
0.960
0.333
5k/5k 0.644 18
1.000
0.980
0.833
5k/5k 0.652 18
1.000
0.970
0.889
5k/5k 0.581 19
1.000
0.980
0.368
5k/5k 0.589 19
1.000
0.940
0.684
5k/5k 0.597 19
1.000
0.960
0.789
5k/5k 0.605 19
1.000
0.980
0.895
5k/5k 0.613 19
1.000
0.980
0.684
5k/5k 0.620 19
1.000
1.000
0.895
5k/5k 0.628 19
1.000
0.920
0.895
5k/5k 0.636 19
1.000
1.000
0.368
5k/5k 0.644 19
1.000
0.980
0.474
5k/5k 0.652 19
1.000
1.000
0.579
5k/5k 0.581 20
1.000
0.980
0.500
5k/5k 0.589 20
1.000
0.950
0.500
5k/5k 0.597 20
1.000
1.000
1.000
